1 1
2 0.998891
3 0.994922
4 0.988315
5 0.97904
6 0.967072
7 0.952661
8 0.935599
9 0.916301
10 0.894516
11 0.870666
12 0.844603
13 0.816635
14 0.786792
15 0.755237
16 0.722153
17 0.687614
18 0.651874
19 0.614999
20 0.577233
21 0.538686
22 0.499561
23 0.460005
24 0.420201
25 0.380289
26 0.340472
27 0.300845
28 0.261645
29 0.222923
30 0.184916
31 0.147685
32 0.111394
33 0.0761844
34 0.0420865
35 0.00935534
36 -0.0221186
37 -0.0519965
38 -0.0804657
39 -0.107196
40 -0.132345
41 -0.155704
42 -0.1773
43 -0.197129
44 -0.215034
45 -0.231229
46 -0.245408
47 -0.257928
48 -0.268434
49 -0.277306
50 -0.284268
51 -0.289595
52 -0.2932
53 -0.295163
54 -0.29564
55 -0.294499
56 -0.292105
57 -0.288184
58 -0.283204
59 -0.276869
60 -0.26962
61 -0.261261
62 -0.252093
63 -0.242104
64 -0.231401
65 -0.220167
66 -0.208338
67 -0.196235
68 -0.183696
69 -0.171089
70 -0.158245
71 -0.145493
72 -0.13272
73 -0.120171
74 -0.107805
75 -0.0957865
76 -0.084126
77 -0.072931
78 -0.0622357
79 -0.0521094
80 -0.0426032
81 -0.0337374
82 -0.0256055
83 -0.0181406
84 -0.0115195
85 -0.00555437
86 -0.00052244
87 0.0038769
88 0.00730443
89 0.0101012
90 0.0119645
91 0.0131574
92 0.0135373
93 0.0131719
94 0.0121714
95 0.0103497
96 0.00807956
97 0.0049593
98 0.00153512
99 -0.00268257
100 -0.0071331
101 -0.0122246
102 -0.0175497
103 -0.0232901
104 -0.0293073
105 -0.0354853
106 -0.0419808
107 -0.0484051
108 -0.0551424
109 -0.0616382
110 -0.0683728
111 -0.0747765
112 -0.0812722
113 -0.0874238
114 -0.0934675
115 -0.0992082
116 -0.104621
117 -0.10979
118 -0.114434
119 -0.118872
120 -0.12265
121 -0.126208
122 -0.129058
123 -0.131612
124 -0.133496
125 -0.134961
126 -0.135855
127 -0.136194
128 -0.136079
129 -0.135307
130 -0.13417
131 -0.132345
132 -0.13019
133 -0.127401
134 -0.124262
135 -0.120607
136 -0.116559
137 -0.112136
138 -0.107293
139 -0.102198
140 -0.0967078
141 -0.0910409
142 -0.0850626
143 -0.078939
144 -0.0726297
145 -0.0661859
146 -0.0596888
147 -0.0530794
148 -0.046523
149 -0.0399105
150 -0.0334144
151 -0.0269552
152 -0.020637
153 -0.0144708
154 -0.00845
155 -0.00269389
156 0.00290886
157 0.00816149
158 0.0132309
159 0.0179049
160 0.0223377
161 0.026372
162 0.030086
163 0.0334285
164 0.0363681
165 0.0389747
166 0.0411131
167 0.0429491
168 0.0442865
169 0.0453308
170 0.0458888
171 0.0461398
172 0.0459544
173 0.0454341
174 0.0445489
175 0.0433055
176 0.0417694
177 0.0398739
178 0.0377413
179 0.0352805
180 0.0326169
181 0.0296831
182 0.0265702
183 0.0232545
184 0.0197912
185 0.0161811
186 0.0124787
187 0.00866239
188 0.00483283
189 0.000908253
190 -0.00294789
191 -0.00686914
192 -0.0106686
193 -0.0144641
194 -0.0181383
195 -0.0216897
196 -0.025172
197 -0.0283851
198 -0.0315973
199 -0.034416
200 -0.037264
201 -0.0396709
202 -0.0420547
203 -0.0440546
204 -0.0458915
205 -0.0474869
206 -0.0487348
207 -0.0499048
208 -0.0505742
209 -0.051271
210 -0.0514152
211 -0.0515809
212 -0.0512717
213 -0.0508673
214 -0.0501637
215 -0.0491951
216 -0.0481245
217 -0.046651
218 -0.0452106
219 -0.0433314
220 -0.041509
221 -0.0393339
222 -0.037138
223 -0.0347576
224 -0.0322381
225 -0.0297088
226 -0.02696
227 -0.0243081
228 -0.0214482
229 -0.0186931
230 -0.0158352
231 -0.0130138
232 -0.0102397
233 -0.00742089
234 -0.0047722
235 -0.00205175
236 0.0004592
237 0.00298089
238 0.00534657
239 0.00759336
240 0.00978813
241 0.0117262
242 0.0136973
243 0.0153349
244 0.017012
245 0.0183805
246 0.0196993
247 0.020827
248 0.0217542
249 0.0226426
250 0.0231883
251 0.023808
252 0.0240189
253 0.0243214
254 0.0242603
255 0.0242034
256 0.0239222
257 0.0234945
258 0.0230159
259 0.0222473
260 0.0215628
261 0.0205181
262 0.0196035
263 0.0183622
264 0.0172
265 0.0158327
266 0.0144336
267 0.012986
268 0.0113954
269 0.00988641
270 0.00817643
271 0.00660789
272 0.00485949
273 0.00323364
274 0.00151611
275 -0.000149563
276 -0.00179046
277 -0.00345674
278 -0.00500174
279 -0.0066131
280 -0.00806029
281 -0.00955747
282 -0.0109088
283 -0.0122426
284 -0.013491
285 -0.0146331
286 -0.0157551
287 -0.0167011
288 -0.0176609
289 -0.0184232
290 -0.0191838
291 -0.0197816
292 -0.0203183
293 -0.0207647
294 -0.0210756
295 -0.0213716
296 -0.0214803
297 -0.0216158
298 -0.0215632
299 -0.0215286
300 -0.0213595
301 -0.0211563
302 -0.0209041
303 -0.0205532
304 -0.020233
305 -0.0197729
306 -0.0193842
307 -0.0188623
308 -0.0183988
309 -0.017857
310 -0.0173195
311 -0.0167814
312 -0.0161852
313 -0.0156532
314 -0.0150262
315 -0.0144873
316 -0.0138614
317 -0.0133
318 -0.0126992
319 -0.0121082
320 -0.0115399
321 -0.0109277
322 -0.0103835
323 -0.00976991
324 -0.00923193
325 -0.0086381
326 -0.00809061
327 -0.00752809
328 -0.00696596
329 -0.00643201
330 -0.0058628
331 -0.00534404
332 -0.0047816
333 -0.00426248
334 -0.00371983
335 -0.00319238
336 -0.0026732
337 -0.00214037
338 -0.00163909
339 -0.00111127
340 -0.00061817
341 -0.000105881
342 0.000385415
343 0.00087776
344 0.0013671
345 0.001843
346 0.00232507
347 0.0027923
348 0.00326272
349 0.0037275
350 0.00418819
351 0.00465208
352 0.00511094
353 0.00557169
354 0.00603939
355 0.00649589
356 0.00697947
357 0.00743597
358 0.00793489
359 0.00840122
360 0.00890873
361 0.00939508
362 0.00990254
363 0.0104155
364 0.010918
365 0.0114561
366 0.0119556
367 0.0125092
368 0.0130131
369 0.0135687
370 0.014085
371 0.0146294
372 0.0151615
373 0.015687
374 0.0162295
375 0.0167357
376 0.0172755
377 0.0177658
378 0.0182836
379 0.0187606
380 0.0192357
381 0.0196943
382 0.0201104
383 0.0205338
384 0.0208813
385 0.0212433
386 0.0215189
387 0.0217882
388 0.0219901
389 0.0221384
390 0.0222594
391 0.022271
392 0.0222953
393 0.022169
394 0.0220734
395 0.0218223
396 0.0215833
397 0.0212257
398 0.0208277
399 0.0203783
400 0.0198207
401 0.019284
402 0.0185833
403 0.0179525
404 0.0171387
405 0.0164014
406 0.01551
407 0.0146557
408 0.0137173
409 0.0127472
410 0.0117808
411 0.0107126
412 0.00972192
413 0.00858816
414 0.00756707
415 0.00640945
416 0.0053498
417 0.00420739
418 0.00310927
419 0.00200998
420 0.000888516
421 -0.000155634
422 -0.00126989
423 -0.00226071
424 -0.00332875
425 -0.004274
426 -0.00525889
427 -0.00616344
428 -0.00703979
429 -0.00789718
430 -0.00865774
431 -0.00944694
432 -0.0100993
433 -0.0107915
434 -0.0113508
435 -0.0119173
436 -0.0123957
437 -0.0128188
438 -0.0132167
439 -0.0134963
440 -0.0138001
441 -0.0139523
442 -0.0141408
443 -0.0141914
444 -0.0142472
445 -0.0142208
446 -0.014141
447 -0.0140524
448 -0.0138552
449 -0.0137074
450 -0.0134295
451 -0.0132185
452 -0.0129037
453 -0.0126281
454 -0.012314
455 -0.0119844
456 -0.0116919
457 -0.0113337
458 -0.0110652
459 -0.0107137
460 -0.0104603
461 -0.0101481
462 -0.00990043
463 -0.00964773
464 -0.00940555
465 -0.0092152
466 -0.00898987
467 -0.0088491
468 -0.00865965
469 -0.00855085
470 -0.00841429
471 -0.00832521
472 -0.00824909
473 -0.00817942
474 -0.008159
475 -0.00811934
476 -0.00814114
477 -0.00814602
478 -0.00819545
479 -0.00825586
480 -0.00832411
481 -0.00844067
482 -0.008529
483 -0.0086898
484 -0.00880766
485 -0.00899205
486 -0.00914871
487 -0.00933506
488 -0.00953362
489 -0.00970704
490 -0.00993794
491 -0.010095
492 -0.0103358
493 -0.0104828
494 -0.0107042
495 -0.0108504
496 -0.0110255
497 -0.0111752
498 -0.0112881
499 -0.0114329
500 -0.0114829
501 -0.0116021
502 -0.0115996
503 -0.0116661
504 -0.011625
505 -0.0116136
506 -0.0115416
507 -0.0114377
508 -0.0113291
509 -0.011133
510 -0.0109706
511 -0.0106947
512 -0.0104558
513 -0.0101175
514 -0.00978546
515 -0.00939755
516 -0.00897037
517 -0.00853606
518 -0.00802826
519 -0.00754233
520 -0.00698029
521 -0.00643628
522 -0.00584836
523 -0.00524762
524 -0.00465443
525 -0.00401101
526 -0.00342177
527 -0.00276038
528 -0.0021747
529 -0.0015241
530 -0.000938262
531 -0.000323986
532 0.000263673
533 0.000825824
534 0.00141201
535 0.00191751
536 0.00249212
537 0.0029456
538 0.00349281
539 0.0039051
540 0.00440363
541 0.00478888
542 0.00521698
543 0.00558651
544 0.00592689
545 0.00628384
546 0.00652952
547 0.00686443
548 0.00702361
549 0.00731374
550 0.0074076
551 0.00762129
552 0.00767605
553 0.00778403
554 0.00782087
555 0.00780758
556 0.00783202
557 0.00770259
558 0.00770074
559 0.00748116
560 0.00742401
561 0.00715139
562 0.00700688
563 0.00671685
564 0.00646534
565 0.00617778
566 0.00582144
567 0.00553651
568 0.005101
569 0.0048026
570 0.00432813
571 0.0039954
572 0.00352276
573 0.00314437
574 0.0027021
575 0.00228504
576 0.00188376
577 0.00145264
578 0.00108844
579 0.000676927
580 0.000341841
581 -2.17744e-05
582 -0.000329978
583 -0.000632459
584 -0.000903589
585 -0.00115044
586 -0.0013669
587 -0.00157463
588 -0.00172059
589 -0.0019024
590 -0.0019762
591 -0.00213084
592 -0.00215099
593 -0.00225957
594 -0.00226083
595 -0.00229519
596 -0.00231155
597 -0.00225188
598 -0.00229758
599 -0.00214795
600 -0.00220674
