1 3.754e-07
2 3.74891e-07
3 3.73358e-07
4 3.70794e-07
5 3.67258e-07
6 3.62698e-07
7 3.57222e-07
8 3.50767e-07
9 3.43449e-07
10 3.35234e-07
11 3.2621e-07
12 3.16397e-07
13 3.05841e-07
14 2.94612e-07
15 2.8273e-07
16 2.70291e-07
17 2.57313e-07
18 2.4389e-07
19 2.3006e-07
20 2.15897e-07
21 2.01467e-07
22 1.8682e-07
23 1.7204e-07
24 1.5717e-07
25 1.42288e-07
26 1.27446e-07
27 1.12706e-07
28 9.81282e-08
29 8.37596e-08
30 6.96632e-08
31 5.58812e-08
32 4.2462e-08
33 2.94579e-08
34 1.6891e-08
35 4.82876e-09
36 -6.73171e-09
37 -1.77172e-08
38 -2.81411e-08
39 -3.79432e-08
40 -4.71274e-08
41 -5.56659e-08
42 -6.35379e-08
43 -7.07577e-08
44 -7.72777e-08
45 -8.31488e-08
46 -8.83085e-08
47 -9.28266e-08
48 -9.66473e-08
49 -9.98349e-08
50 -1.02363e-07
51 -1.04269e-07
52 -1.05572e-07
53 -1.06272e-07
54 -1.06433e-07
55 -1.06026e-07
56 -1.05144e-07
57 -1.03745e-07
58 -1.01931e-07
59 -9.96691e-08
60 -9.70452e-08
61 -9.40571e-08
62 -9.0755e-08
63 -8.71804e-08
64 -8.33413e-08
65 -7.93185e-08
66 -7.50894e-08
67 -7.07542e-08
68 -6.62828e-08
69 -6.1768e-08
70 -5.71967e-08
71 -5.26322e-08
72 -4.80926e-08
73 -4.36042e-08
74 -3.92139e-08
75 -3.492e-08
76 -3.07813e-08
77 -2.67883e-08
78 -2.29895e-08
79 -1.9387e-08
80 -1.60041e-08
81 -1.2862e-08
82 -9.95833e-09
83 -7.32635e-09
84 -4.95136e-09
85 -2.86118e-09
86 -1.04773e-09
87 4.83805e-10
88 1.7217e-09
89 2.68985e-09
90 3.35707e-09
91 3.76861e-09
92 3.88731e-09
93 3.76148e-09
94 3.36763e-09
95 2.73745e-09
96 1.87703e-09
97 7.89512e-10
98 -4.84393e-10
99 -1.96927e-09
100 -3.59807e-09
101 -5.41006e-09
102 -7.32993e-09
103 -9.39249e-09
104 -1.15348e-08
105 -1.37689e-08
106 -1.60606e-08
107 -1.83882e-08
108 -2.07527e-08
109 -2.30993e-08
110 -2.54579e-08
111 -2.7754e-08
112 -3.00292e-08
113 -3.22106e-08
114 -3.43291e-08
115 -3.63364e-08
116 -3.82338e-08
117 -4.00115e-08
118 -4.16351e-08
119 -4.3132e-08
120 -4.44424e-08
121 -4.56135e-08
122 -4.65838e-08
123 -4.73935e-08
124 -4.80066e-08
125 -4.84327e-08
126 -4.86779e-08
127 -4.87143e-08
128 -4.85857e-08
129 -4.82413e-08
130 -4.7739e-08
131 -4.70345e-08
132 -4.61675e-08
133 -4.51299e-08
134 -4.39197e-08
135 -4.25777e-08
136 -4.10598e-08
137 -3.94422e-08
138 -3.76635e-08
139 -3.58015e-08
140 -3.38152e-08
141 -3.17462e-08
142 -2.96052e-08
143 -2.73764e-08
144 -2.51286e-08
145 -2.27971e-08
146 -2.04855e-08
147 -1.81135e-08
148 -1.57787e-08
149 -1.34275e-08
150 -1.11122e-08
151 -8.83555e-09
152 -6.58724e-09
153 -4.42835e-09
154 -2.29793e-09
155 -2.90615e-10
156 1.67171e-09
157 3.49973e-09
158 5.25006e-09
159 6.87278e-09
160 8.37803e-09
161 9.7691e-09
162 1.10085e-08
163 1.21422e-08
164 1.3106e-08
165 1.39607e-08
166 1.46468e-08
167 1.5209e-08
168 1.56193e-08
169 1.58869e-08
170 1.60254e-08
171 1.60082e-08
172 1.58808e-08
173 1.55985e-08
174 1.52152e-08
175 1.46936e-08
176 1.40707e-08
177 1.33384e-08
178 1.25003e-08
179 1.15857e-08
180 1.05648e-08
181 9.49542e-09
182 8.33069e-09
183 7.13388e-09
184 5.86709e-09
185 4.57235e-09
186 3.24431e-09
187 1.88528e-09
188 5.32801e-10
189 -8.51831e-10
190 -2.19756e-09
191 -3.56568e-09
192 -4.87811e-09
193 -6.18783e-09
194 -7.44261e-09
195 -8.65692e-09
196 -9.82875e-09
197 -1.092e-08
198 -1.19812e-08
199 -1.29322e-08
200 -1.38537e-08
201 -1.46561e-08
202 -1.54115e-08
203 -1.6061e-08
204 -1.66313e-08
205 -1.71231e-08
206 -1.75009e-08
207 -1.78267e-08
208 -1.80164e-08
209 -1.81657e-08
210 -1.81802e-08
211 -1.81448e-08
212 -1.8e-08
213 -1.77786e-08
214 -1.74878e-08
215 -1.70909e-08
216 -1.66624e-08
217 -1.61121e-08
218 -1.55506e-08
219 -1.48765e-08
220 -1.41877e-08
221 -1.3421e-08
222 -1.26171e-08
223 -1.17841e-08
224 -1.08873e-08
225 -1.00066e-08
226 -9.0488e-09
227 -8.1325e-09
228 -7.15046e-09
229 -6.20902e-09
230 -5.23776e-09
231 -4.28529e-09
232 -3.35201e-09
233 -2.4098e-09
234 -1.53135e-09
235 -6.27447e-10
236 1.88511e-10
237 1.02351e-09
238 1.77347e-09
239 2.51289e-09
240 3.192e-09
241 3.81862e-09
242 4.41724e-09
243 4.92547e-09
244 5.42884e-09
245 5.82301e-09
246 6.21473e-09
247 6.50453e-09
248 6.77176e-09
249 6.96634e-09
250 7.10466e-09
251 7.20854e-09
252 7.22376e-09
253 7.23544e-09
254 7.14251e-09
255 7.05683e-09
256 6.87523e-09
257 6.68816e-09
258 6.43655e-09
259 6.14997e-09
260 5.84149e-09
261 5.46654e-09
262 5.10726e-09
263 4.66375e-09
264 4.25458e-09
265 3.76732e-09
266 3.30839e-09
267 2.80175e-09
268 2.29761e-09
269 1.79019e-09
270 1.25299e-09
271 7.5471e-10
272 2.04583e-10
273 -2.82439e-10
274 -8.20903e-10
275 -1.29827e-09
276 -1.80141e-09
277 -2.2688e-09
278 -2.71992e-09
279 -3.17061e-09
280 -3.56324e-09
281 -3.98305e-09
282 -4.32028e-09
283 -4.69025e-09
284 -4.98032e-09
285 -5.28249e-09
286 -5.5323e-09
287 -5.75592e-09
288 -5.96607e-09
289 -6.11118e-09
290 -6.27469e-09
291 -6.35165e-09
292 -6.45687e-09
293 -6.48138e-09
294 -6.51804e-09
295 -6.50465e-09
296 -6.4701e-09
297 -6.42683e-09
298 -6.32893e-09
299 -6.25573e-09
300 -6.11139e-09
301 -6.00283e-09
302 -5.83219e-09
303 -5.68303e-09
304 -5.50291e-09
305 -5.31364e-09
306 -5.13237e-09
307 -4.9117e-09
308 -4.7283e-09
309 -4.49154e-09
310 -4.29913e-09
311 -4.063e-09
312 -3.85491e-09
313 -3.63188e-09
314 -3.40665e-09
315 -3.20143e-09
316 -2.96528e-09
317 -2.77474e-09
318 -2.53991e-09
319 -2.35637e-09
320 -2.13651e-09
321 -1.95281e-09
322 -1.75815e-09
323 -1.57155e-09
324 -1.4055e-09
325 -1.2194e-09
326 -1.07846e-09
327 -9.00826e-10
328 -7.76917e-10
329 -6.17212e-10
330 -5.01525e-10
331 -3.66905e-10
332 -2.53384e-10
333 -1.46117e-10
334 -3.3632e-11
335 4.94046e-11
336 1.57315e-10
337 2.23276e-10
338 3.20583e-10
339 3.78133e-10
340 4.59246e-10
341 5.15849e-10
342 5.78289e-10
343 6.38099e-10
344 6.83995e-10
345 7.47347e-10
346 7.83161e-10
347 8.47423e-10
348 8.82339e-10
349 9.43886e-10
350 9.86981e-10
351 1.04365e-09
352 1.1012e-09
353 1.15395e-09
354 1.22783e-09
355 1.28155e-09
356 1.3688e-09
357 1.43101e-09
358 1.52561e-09
359 1.6036e-09
360 1.69949e-09
361 1.79709e-09
362 1.89092e-09
363 2.0067e-09
364 2.09923e-09
365 2.22645e-09
366 2.32189e-09
367 2.45071e-09
368 2.55426e-09
369 2.67548e-09
370 2.78998e-09
371 2.89826e-09
372 3.02212e-09
373 3.11736e-09
374 3.24409e-09
375 3.33057e-09
376 3.45088e-09
377 3.53448e-09
378 3.63914e-09
379 3.72419e-09
380 3.80725e-09
381 3.8936e-09
382 3.9539e-09
383 4.03658e-09
384 4.07721e-09
385 4.14783e-09
386 4.17404e-09
387 4.22344e-09
388 4.23962e-09
389 4.26101e-09
390 4.26838e-09
391 4.25911e-09
392 4.25492e-09
393 4.21672e-09
394 4.19549e-09
395 4.13299e-09
396 4.08879e-09
397 4.00728e-09
398 3.93584e-09
399 3.83943e-09
400 3.73974e-09
401 3.63028e-09
402 3.50466e-09
403 3.3821e-09
404 3.23541e-09
405 3.09857e-09
406 2.93672e-09
407 2.78463e-09
408 2.61328e-09
409 2.44636e-09
410 2.26961e-09
411 2.09025e-09
412 1.91025e-09
413 1.72236e-09
414 1.53966e-09
415 1.34808e-09
416 1.16244e-09
417 9.71461e-10
418 7.82959e-10
419 5.95471e-10
420 4.05627e-10
421 2.22609e-10
422 3.42782e-11
423 -1.44816e-10
424 -3.27861e-10
425 -5.04092e-10
426 -6.78462e-10
427 -8.52157e-10
428 -1.01573e-09
429 -1.18561e-09
430 -1.3383e-09
431 -1.50096e-09
432 -1.64426e-09
433 -1.79529e-09
434 -1.93109e-09
435 -2.06654e-09
436 -2.19573e-09
437 -2.31363e-09
438 -2.4351e-09
439 -2.5361e-09
440 -2.64671e-09
441 -2.73361e-09
442 -2.82948e-09
443 -2.90584e-09
444 -2.98431e-09
445 -3.05257e-09
446 -3.11332e-09
447 -3.17394e-09
448 -3.21926e-09
449 -3.27097e-09
450 -3.30494e-09
451 -3.34595e-09
452 -3.37266e-09
453 -3.40204e-09
454 -3.42434e-09
455 -3.44277e-09
456 -3.46153e-09
457 -3.47116e-09
458 -3.48581e-09
459 -3.48951e-09
460 -3.49902e-09
461 -3.49909e-09
462 -3.50293e-09
463 -3.50056e-09
464 -3.49898e-09
465 -3.49426e-09
466 -3.48807e-09
467 -3.48033e-09
468 -3.47042e-09
469 -3.45948e-09
470 -3.44609e-09
471 -3.43231e-09
472 -3.41512e-09
473 -3.39944e-09
474 -3.37781e-09
475 -3.36103e-09
476 -3.33484e-09
477 -3.31704e-09
478 -3.28731e-09
479 -3.26763e-09
480 -3.23643e-09
481 -3.21352e-09
482 -3.18337e-09
483 -3.15584e-09
484 -3.12883e-09
485 -3.09617e-09
486 -3.07301e-09
487 -3.036e-09
488 -3.0158e-09
489 -2.97663e-09
490 -2.95714e-09
491 -2.9188e-09
492 -2.89691e-09
493 -2.86245e-09
494 -2.83542e-09
495 -2.80656e-09
496 -2.77296e-09
497 -2.7495e-09
498 -2.71006e-09
499 -2.68923e-09
500 -2.64642e-09
501 -2.62375e-09
502 -2.58075e-09
503 -2.55152e-09
504 -2.51054e-09
505 -2.47168e-09
506 -2.43265e-09
507 -2.38371e-09
508 -2.34379e-09
509 -2.28673e-09
510 -2.24132e-09
511 -2.17919e-09
512 -2.12375e-09
513 -2.05894e-09
514 -1.99093e-09
515 -1.92359e-09
516 -1.84365e-09
517 -1.77157e-09
518 -1.68313e-09
519 -1.60266e-09
520 -1.51015e-09
521 -1.41832e-09
522 -1.32528e-09
523 -1.22161e-09
524 -1.12888e-09
525 -1.01596e-09
526 -9.21599e-10
527 -8.04509e-10
528 -7.04901e-10
529 -5.89142e-10
530 -4.81084e-10
531 -3.70582e-10
532 -2.53002e-10
533 -1.48621e-10
534 -2.34841e-11
535 7.7027e-11
536 2.05197e-10
537 3.05998e-10
538 4.3145e-10
539 5.36891e-10
540 6.54574e-10
541 7.67008e-10
542 8.74241e-10
543 9.92822e-10
544 1.09002e-09
545 1.21037e-09
546 1.30046e-09
547 1.41606e-09
548 1.50305e-09
549 1.60727e-09
550 1.69416e-09
551 1.78247e-09
552 1.86936e-09
553 1.94063e-09
554 2.02442e-09
555 2.08076e-09
556 2.15591e-09
557 2.20095e-09
558 2.26159e-09
559 2.29853e-09
560 2.34029e-09
561 2.37013e-09
562 2.39147e-09
563 2.4125e-09
564 2.41465e-09
565 2.42313e-09
566 2.40893e-09
567 2.40088e-09
568 2.37329e-09
569 2.34628e-09
570 2.30709e-09
571 2.26111e-09
572 2.21061e-09
573 2.14831e-09
574 2.0857e-09
575 2.01135e-09
576 1.93594e-09
577 1.85384e-09
578 1.76637e-09
579 1.6796e-09
580 1.58273e-09
581 1.49236e-09
582 1.3903e-09
583 1.29566e-09
584 1.19322e-09
585 1.09305e-09
586 9.93947e-10
587 8.87949e-10
588 7.93657e-10
589 6.83741e-10
590 5.93207e-10
591 4.83496e-10
592 3.93873e-10
593 2.89884e-10
594 1.98131e-10
595 1.05178e-10
596 1.01918e-11
597 -6.86338e-11
598 -1.64283e-10
599 -2.29218e-10
600 -3.19248e-10
