0.005 0
0.015 0
0.025 0
0.035 0
0.045 0
0.055 0
0.065 0
0.075 0
0.085 0
0.095 0
0.105 0
0.115 0
0.125 0
0.135 0
0.145 0
0.155 0
0.165 0
0.175 0
0.185 0
0.195 0
0.205 0
0.215 0
0.225 0
0.235 0
0.245 0
0.255 0
0.265 0
0.275 0
0.285 0
0.295 0
0.305 0
0.315 0
0.325 0
0.335 0
0.345 0
0.355 0
0.365 0
0.375 0
0.385 0
0.395 0
0.405 0
0.415 0
0.425 0
0.435 0
0.445 0
0.455 0
0.465 0
0.475 0
0.485 0
0.495 0
0.505 0
0.515 0
0.525 0
0.535 0
0.545 0
0.555 0
0.565 0
0.575 0
0.585 0
0.595 0
0.605 0
0.615 0
0.625 0
0.635 0
0.645 0
0.655 0
0.665 0
0.675 0
0.685 0
0.695 0
0.705 0
0.715 0
0.725 0
0.735 0
0.745 0
0.755 0
0.765 0
0.775 0
0.785 0
0.795 0
0.805 0
0.815 0
0.825 0
0.835 0
0.845 0
0.855 0
0.865 0
0.875 0
0.885 0
0.895 0
0.905 0
0.915 0
0.925 0
0.935 0
0.945 0
0.955 0
0.965 0
0.975 0
0.985 0
0.995 0
1.005 0
1.015 0
1.025 0
1.035 0
1.045 0
1.055 0
1.065 0
1.075 0
1.085 0
1.095 0
1.105 0
1.115 0
1.125 0
1.135 0
1.145 0
1.155 0
1.165 0
1.175 0
1.185 0
1.195 0
1.205 0
1.215 0
1.225 0
1.235 0
1.245 0
1.255 0
1.265 0
1.275 0
1.285 0
1.295 0
1.305 0
1.315 0
1.325 0
1.335 0
1.345 0
1.355 0
1.365 0
1.375 0
1.385 0
1.395 0
1.405 0
1.415 0
1.425 0
1.435 0
1.445 0
1.455 0
1.465 0
1.475 0
1.485 0
1.495 0
1.505 0
1.515 0
1.525 0
1.535 0
1.545 0
1.555 0
1.565 0
1.575 0
1.585 0
1.595 0
1.605 0
1.615 0
1.625 0
1.635 0
1.645 0
1.655 0
1.665 0
1.675 0
1.685 0
1.695 0
1.705 0
1.715 0
1.725 0
1.735 0
1.745 0
1.755 0
1.765 0
1.775 0
1.785 0
1.795 0
1.805 0
1.815 0
1.825 0
1.835 0
1.845 0
1.855 0
1.865 0
1.875 0
1.885 0
1.895 0
1.905 0
1.915 0
1.925 0
1.935 0
1.945 0
1.955 0
1.965 0
1.975 0
1.985 0
1.995 0
2.005 0
2.015 0
2.025 0
2.035 0
2.045 0
2.055 0
2.065 0
2.075 0
2.085 0
2.095 0
2.105 0
2.115 0
2.125 0
2.135 0
2.145 0
2.155 0
2.165 0
2.175 0
2.185 0
2.195 0
2.205 0
2.215 0
2.225 0
2.235 0
2.245 0
2.255 0
2.265 0
2.275 0
2.285 0
2.295 0
2.305 0.456673
2.315 0
2.325 0
2.335 0
2.345 0
2.355 0
2.365 0
2.375 0
2.385 0
2.395 0.422996
2.405 0.419485
2.415 0
2.425 0
2.435 0
2.445 0
2.455 0.402572
2.465 0
2.475 0.396093
2.485 0.392911
2.495 0.779536
2.505 0.386662
2.515 1.91797
2.525 0.761122
2.535 0.755129
2.545 0.749207
2.555 0
2.565 0.737569
2.575 1.09778
2.585 1.0893
2.595 1.80153
2.605 1.07264
2.615 1.41927
2.625 1.76059
2.635 1.74725
2.645 2.42769
2.655 1.37682
2.665 2.04976
2.675 3.72986
2.685 1.68278
2.695 0.668128
2.705 2.65279
2.715 2.63328
2.725 1.63374
2.735 2.27055
2.745 2.57604
2.755 3.51639
2.765 3.491
2.775 4.09604
2.785 2.50257
2.795 1.55294
2.805 0.92513
2.815 2.44952
2.825 3.64831
2.835 3.62262
2.845 1.19906
2.855 4.16738
2.865 3.25155
2.875 0.880629
2.885 2.04058
2.895 2.02651
2.905 3.16262
2.915 3.14096
2.925 3.11952
2.935 2.53497
2.945 3.35705
2.955 1.94505
2.965 3.58791
2.975 3.01555
2.985 1.08923
2.995 2.43442
3.005 2.68694
3.015 2.40223
3.025 1.85607
3.035 2.63409
3.045 1.57009
3.055 2.85968
3.065 2.58277
3.075 2.3094
3.085 1.2747
3.095 1.51977
3.105 2.26499
3.115 2.00042
3.125 2.23609
3.135 1.72811
3.145 1.96244
3.155 1.21876
3.165 1.45329
3.175 1.92553
3.185 1.91346
3.195 1.9015
3.205 1.88965
3.215 0.938956
3.225 0.933142
3.235 1.62292
3.245 0.921675
3.255 2.06105
3.265 1.59323
3.275 1.13108
3.285 1.57389
3.295 1.34087
3.305 1.5549
3.315 0.662371
3.325 0.877858
3.335 1.09075
3.345 1.73478
3.355 1.5089
3.365 0.857111
3.375 1.70408
3.385 0.211753
3.395 1.05254
3.405 1.25564
3.415 1.45634
3.425 1.03418
3.435 0.411267
3.445 1.22665
3.455 1.0163
3.465 1.21253
3.475 0.60278
3.485 0.199775
3.495 0.595901
3.505 0.197502
3.515 0.589139
3.525 0.976336
3.535 0.388328
3.545 0.57921
3.555 0.383971
3.565 0.38182
3.575 0.949217
3.585 0.566357
3.595 1.5019
3.605 0.373394
3.615 0.556996
3.625 0.553927
3.635 1.10177
3.645 0
3.655 0.908119
3.665 0.180634
3.675 0.538957
3.685 0.893393
3.695 1.24399
3.705 0.530264
3.715 0.351609
3.725 1.57376
3.735 0.695707
3.745 0.345998
3.755 0.344158
3.765 0.342332
3.775 0.510781
3.785 0.677448
3.795 0.505412
3.805 1.50828
3.815 0.500126
3.825 1.16087
3.835 0.164974
3.845 0.492352
3.855 0.163267
3.865 0.48727
3.875 1.29269
3.885 0.643021
3.895 0.639724
3.905 0.477339
3.915 0.949807
3.925 0.629982
3.935 0.156696
3.945 0.623611
3.955 1.08581
3.965 0.308668
3.975 0.460675
3.985 0.916731
3.995 0.304049
4.005 0.605066
4.015 0.602055
4.025 0.748834
4.035 0.298051
4.045 0.593158
4.055 0.590236
4.065 0.146834
4.075 0.584457
4.085 0.290799
4.095 0.578762
4.105 0.431959
4.115 0.143287
4.125 0.570374
4.135 0.141905
4.145 0.423662
4.155 0.702709
4.165 0.419603
4.175 0.695992
4.185 0.277068
4.195 0.137874
4.205 0.686097
4.215 0.819414
4.225 0.679617
4.235 0.135282
4.245 0.403937
4.255 0.134013
4.265 0.133386
4.275 0.53105
4.285 0.264287
4.295 0.526116
4.305 0.523674
4.315 0.390937
4.325 0.259421
4.335 1.16202
4.345 0.385558
4.355 0.639648
4.365 0.891409
4.375 0.633813
4.385 0.883296
4.395 0.628058
4.405 0.500168
4.415 0.746857
4.425 0.371743
4.435 0.61678
4.445 0.73681
4.455 0.244502
4.465 0.730224
4.475 1.33277
4.485 0.723725
4.495 0.600424
4.505 0.956418
4.515 0.595117
4.525 0.355493
4.535 0.589879
4.545 0.704743
4.555 0.701652
4.565 1.04787
4.575 0.927375
4.585 0.692501
4.595 0.68949
4.605 1.02975
4.615 1.13921
4.625 0.340287
4.635 1.01646
4.645 1.57436
4.655 0.67183
4.665 0.557461
4.675 0.888125
4.685 0.773796
4.695 1.32086
4.705 0.548022
4.715 0.76398
4.725 1.19546
4.735 0.5411
4.745 0.75435
4.755 0.965804
4.765 0.748031
4.775 1.06414
4.785 1.27164
4.795 1.05529
4.805 1.47126
4.815 1.15119
4.825 1.14642
4.835 1.34927
4.845 1.13698
4.855 0.308809
4.865 0.717596
4.875 1.6335
4.885 0.610056
4.895 1.51891
4.905 0.806788
4.915 0.903947
4.925 0.600187
4.935 1.39477
4.945 1.09146
4.955 0.889412
4.965 0.787407
4.975 1.96061
4.985 1.5622
4.995 1.36146
5.005 0.968589
5.015 1.83299
5.025 1.05698
5.035 2.00987
5.045 1.52526
5.055 0.85457
5.065 1.22951
5.075 0.942053
5.085 1.40753
5.095 0.747738
5.105 1.67582
5.115 0.927377
5.125 1.10851
5.135 1.74832
5.145 1.64987
5.155 1.27826
5.165 1.72807
5.175 0.996597
5.185 1.17326
5.195 2.15768
5.205 1.52249
5.215 1.69509
5.225 1.59973
5.235 1.59363
5.245 1.05837
5.255 0.615035
5.265 1.05035
5.275 1.04637
5.285 1.73735
5.295 1.03848
5.305 1.12078
5.315 1.54601
5.325 1.19794
5.335 1.19346
5.345 1.35885
5.355 1.35378
5.365 1.51733
5.375 1.84762
5.385 0.585699
5.395 1.5005
5.405 1.49496
5.415 0.74472
5.425 0.741977
5.435 1.39636
5.445 1.22756
5.455 0.733839
5.465 1.21859
5.475 1.53792
5.485 0.564537
5.495 0.883904
5.505 0.880695
5.515 1.11682
5.525 1.66918
5.535 1.42556
5.545 1.65716
5.555 1.49394
5.565 1.25354
5.575 1.17098
5.585 1.089
5.595 1.00761
5.605 2.00803
5.615 0.692613
5.625 1.22694
5.635 1.14618
5.645 1.2944
5.655 1.59332
5.665 0.982859
5.675 1.35609
5.685 1.05103
5.695 0.897721
5.705 0.969125
5.715 1.70861
5.725 1.48056
5.735 0.959012
5.745 1.24973
5.755 1.09887
5.765 1.16807
5.775 0.945773
5.785 1.23251
5.795 0.578004
5.805 1.72804
5.815 0.861052
5.825 1.07262
5.835 1.354
5.845 0.994275
5.855 0.920104
5.865 1.48126
5.875 0.913851
5.885 1.33109
5.895 1.25676
5.905 1.04376
5.915 0.970881
5.925 0.552918
5.935 1.30876
5.945 1.02976
5.955 0.821042
5.965 0.7501
5.975 1.76703
5.985 0.812832
5.995 0.810122
6.005 0.941997
6.015 0.804744
6.025 0.868914
6.035 0.7328
6.045 0.929572
6.055 0.59561
6.065 0.989412
6.075 0.85467
6.085 0.655279
6.095 0.979696
6.105 1.10669
6.115 0.583979
6.125 1.09947
6.135 0.580178
6.145 1.22084
6.155 0.832597
6.165 1.08525
6.175 0.954476
6.185 0.570835
6.195 0.948323
6.205 0.819233
6.215 0.376892
6.225 0.876591
6.235 0.811368
6.245 0.933198
6.255 0.744174
6.265 0.494533
6.275 0.616198
6.285 0.79851
6.295 0.857204
6.305 0.976557
6.315 0.790941
6.325 0.485195
6.335 0.846413
6.345 0.421874
6.355 0.600781
6.365 1.1379
6.375 1.01493
6.385 0.654664
6.395 0.949263
6.405 0.76887
6.415 0.648555
6.425 0.940419
6.435 0.64453
6.445 0.525708
6.455 0.582311
6.465 0.812716
6.475 1.21531
6.485 0.750017
6.495 0.747709
6.505 0.458715
6.515 0.743125
6.525 0.797838
6.535 0.795398
6.545 0.623047
6.555 0.84702
6.565 0.957033
6.575 0.729625
6.585 1.11909
6.595 0.669421
6.605 1.05671
6.615 0.887172
6.625 0.663372
6.635 1.32275
6.645 0.549487
6.655 0.383486
6.665 0.928531
6.675 1.03466
6.685 0.434345
6.695 0.811966
6.705 0.917485
6.715 0.807136
6.725 0.536492
6.735 0.80235
6.745 0.799972
6.755 0.744432
6.765 0.848266
6.775 1.00434
