0.430522 0.0567041
0.608849 0.0662128
0.745685 0.0666231
0.861043 0.0682524
0.962675 0.0754149
1.05456 0.0795685
1.2177 0.0883697
1.29156 0.100835
1.36143 0.108414
1.42788 0.118572
1.49137 0.12934
1.55227 0.151195
1.61086 0.165032
1.72209 0.222121
1.77509 0.244756
1.82655 0.28912
1.8766 0.324795
1.92535 0.401611
1.9729 0.478339
2.01933 0.554531
2.10912 0.831916
2.15261 0.996938
2.19524 1.20035
2.23706 1.36656
2.31843 1.86921
2.35806 2.02635
2.4354 2.15882
2.47316 2.23604
2.51035 2.09275
2.547 2.07703
2.58313 1.91282
2.61876 1.83337
2.65391 1.61238
2.72286 1.3896
2.75668 1.34625
2.7901 1.24616
2.82312 1.16433
2.85576 1.14778
2.88803 1.0444
2.91994 1.01191
2.98274 0.899869
3.01365 0.883633
3.04425 0.869579
3.07454 0.830814
3.10453 0.806639
3.13424 0.793502
3.16367 0.79766
3.22173 0.768949
3.25037 0.734682
3.27875 0.765787
3.3069 0.731846
3.36248 0.735201
3.38993 0.723918
3.44417 0.754517
3.47098 0.728825
3.49757 0.723383
3.52397 0.726625
3.55017 0.730174
3.57618 0.742179
3.602 0.74564
3.6531 0.758305
3.67838 0.768123
3.70349 0.786466
3.72843 0.791216
3.7532 0.832363
3.77781 0.811832
3.80226 0.822852
3.8507 0.863644
3.87469 0.860486
3.89854 0.858947
3.92224 0.872887
3.9458 0.91157
3.96921 0.883562
3.99249 0.901971
4.03865 0.927493
4.06153 0.953462
4.08429 0.969735
4.1518 0.999747
4.17406 1.01265
4.21823 1.04316
4.24015 1.0251
4.26195 1.05225
4.28363 1.05947
4.30522 1.09307
4.32669 1.07555
4.34805 1.08752
4.39048 1.0831
4.41153 1.11815
4.45335 1.14688
4.47411 1.16563
4.49478 1.14687
4.51535 1.12633
4.57651 1.16637
4.59671 1.1497
4.63686 1.12771
4.6568 1.12319
4.73574 1.12719
4.75527 1.12718
4.77471 1.13962
4.81338 1.12154
4.87079 1.13476
4.88978 1.11833
4.94632 1.08882
4.98365 1.0848
5.0207 1.05604
5.03912 1.03226
5.05748 1.05556
5.16626 1.01016
5.2198 0.9823
5.25518 0.986641
5.32526 0.991027
5.47964 0.964379
5.51337 0.947716
5.72772 0.94868
5.96548 0.928016
