0 0
0.01 0
0.02 0
0.03 0
0.04 0
0.05 0
0.06 0
0.07 0
0.08 0
0.09 0
0.1 0
0.11 0
0.12 0
0.13 0
0.14 0
0.15 0
0.16 0
0.17 0
0.18 0
0.19 0
0.2 0
0.21 0
0.22 0
0.23 0
0.24 0
0.25 0
0.26 0
0.27 0
0.28 0
0.29 0
0.3 0
0.31 0
0.32 0
0.33 0
0.34 0
0.35 0
0.36 0
0.37 0
0.38 0
0.39 0
0.4 0
0.41 0
0.42 0
0.43 0
0.44 0
0.45 0
0.46 0
0.47 0
0.48 0
0.49 0
0.5 0
0.51 0
0.52 0
0.53 0
0.54 0
0.55 0
0.56 0
0.57 0
0.58 0
0.59 0
0.6 0
0.61 0
0.62 0
0.63 0
0.64 0
0.65 0
0.66 0
0.67 0
0.68 0
0.69 0
0.7 0
0.71 0
0.72 0
0.73 0
0.74 0
0.75 0
0.76 0
0.77 0
0.78 0
0.79 0
0.8 0
0.81 0
0.82 0
0.83 0
0.84 0
0.85 0
0.86 0
0.87 0
0.88 0
0.89 0
0.9 0
0.91 0
0.92 0
0.93 0
0.94 0
0.95 0
0.96 0
0.97 0
0.98 0
0.99 0
1 0
1.01 0
1.02 0
1.03 0
1.04 0
1.05 0
1.06 0
1.07 0
1.08 0
1.09 0
1.1 0
1.11 0
1.12 0
1.13 0
1.14 0
1.15 0
1.16 0
1.17 0
1.18 0
1.19 0
1.2 0
1.21 0
1.22 0
1.23 0
1.24 0
1.25 0
1.26 0
1.27 0
1.28 0
1.29 0
1.3 0
1.31 0
1.32 0
1.33 0
1.34 0
1.35 0
1.36 0
1.37 0
1.38 0
1.39 0
1.4 0
1.41 0
1.42 0
1.43 0
1.44 0
1.45 0
1.46 0
1.47 0
1.48 0
1.49 0
1.5 0
1.51 0
1.52 0
1.53 0
1.54 0
1.55 0
1.56 0
1.57 0
1.58 0
1.59 0
1.6 0
1.61 0
1.62 0
1.63 0
1.64 0
1.65 0
1.66 0
1.67 0
1.68 0
1.69 0
1.7 0
1.71 0
1.72 0
1.73 0
1.74 0
1.75 0
1.76 0
1.77 0
1.78 0
1.79 0
1.8 0
1.81 0
1.82 0
1.83 0
1.84 0
1.85 0
1.86 0
1.87 0
1.88 0
1.89 0
1.9 0
1.91 0
1.92 0
1.93 0
1.94 0
1.95 0
1.96 0
1.97 0
1.98 0
1.99 0
2 0
2.01 0
2.02 0
2.03 0
2.04 0
2.05 0
2.06 0
2.07 0
2.08 0
2.09 0
2.1 0
2.11 0
2.12 0
2.13 0
2.14 0
2.15 0
2.16 0
2.17 0
2.18 0
2.19 0
2.2 0
2.21 0
2.22 0
2.23 0
2.24 0
2.25 0
2.26 0
2.27 0
2.28 0
2.29 0
2.3 0.454254
2.31 0
2.32 0
2.33 0
2.34 0
2.35 0
2.36 0
2.37 0
2.38 0
2.39 0
2.4 0
2.41 0.413815
2.42 0
2.43 0.407045
2.44 0
2.45 0
2.46 0
2.47 0
2.48 0
2.49 1.16311
2.5 1.15384
2.51 0.763123
2.52 0.75709
2.53 0.751129
2.54 0
2.55 1.10912
2.56 0.733662
2.57 1.09196
2.58 0.722353
2.59 1.07519
2.6 0
2.61 1.05881
2.62 0.700506
2.63 0.695199
2.64 1.3799
2.65 1.71191
2.66 1.69909
2.67 2.69825
2.68 2.00865
2.69 0.996883
2.7 1.31937
2.71 2.29192
2.72 3.5752
2.73 1.61323
2.74 2.56239
2.75 0.953935
2.76 2.20978
2.77 3.13411
2.78 2.48932
2.79 1.54471
2.8 3.06743
2.81 3.65481
2.82 4.53623
2.83 2.40228
2.84 2.98178
2.85 3.25702
2.86 4.11642
2.87 2.62789
2.88 2.89967
2.89 2.59171
2.9 5.14779
2.91 2.55627
2.92 2.25673
2.93 2.52155
2.94 1.11309
2.95 3.31671
2.96 1.64719
2.97 2.4542
2.98 3.52124
2.99 2.95965
3 4.00906
3.01 2.38951
3.02 1.31874
3.03 3.66819
3.04 4.16472
3.05 2.32734
3.06 3.33982
3.07 2.04193
3.08 2.2823
3.09 2.77148
3.1 2.25299
3.11 2.23855
3.12 3.2128
3.13 1.96452
3.14 1.46403
3.15 2.66707
3.16 2.16838
3.17 2.63358
3.18 1.42749
3.19 1.41857
3.2 2.11459
3.21 2.33496
3.22 1.62435
3.23 1.61432
3.24 2.52118
3.25 1.82234
3.26 2.03759
3.27 1.12509
3.28 1.7892
3.29 1.33377
3.3 1.54666
3.31 0.878484
3.32 1.74641
3.33 0.433989
3.34 1.50989
3.35 1.92974
3.36 0.639428
3.37 0.211882
3.38 0.210632
3.39 0.83757
3.4 1.66532
3.41 1.03474
3.42 0.822962
3.43 1.22727
3.44 1.01679
3.45 0.808732
3.46 1.60814
3.47 1.19917
3.48 0.596151
3.49 1.18549
3.5 1.37519
3.51 0.586019
3.52 0.582698
3.53 0.579406
3.54 1.15228
3.55 1.14581
3.56 0.759594
3.57 0.566513
3.58 1.12671
3.59 0.74697
3.6 0.371416
3.61 0
3.62 0.367329
3.63 0.913276
3.64 0.544963
3.65 0.541985
3.66 0.718709
3.67 0.536102
3.68 0.88866
3.69 0.530314
3.7 0.175818
3.71 1.04924
3.72 0.347871
3.73 0
3.74 0.172083
3.75 0.513502
3.76 0.340519
3.77 0.169358
3.78 0
3.79 0.335156
3.8 0.666794
3.81 0.165826
3.82 0.824799
3.83 0.328201
3.84 0.163248
3.85 0
3.86 0.161563
3.87 0.32146
3.88 0.159904
3.89 0.636335
3.9 0.15827
3.91 0.472388
3.92 0.156661
3.93 0.77933
3.94 0.310154
3.95 0.154294
3.96 0.614065
3.97 0.30549
3.98 0.455938
3.99 0.302439
4 0.752325
4.01 0.299433
4.02 0.148974
4.03 0.444708
4.04 0.295008
4.05 0.733887
4.06 0.584224
4.07 0.43602
4.08 0.578518
4.09 0.575696
4.1 0.572894
4.11 0
4.12 0.425514
4.13 0.282306
4.14 0.561891
4.15 0.419392
4.16 0.695634
4.17 0.553845
4.18 1.2402
4.19 0.548576
4.2 0.409478
4.21 0.950919
4.22 0.40561
4.23 0.269131
4.24 0.669662
4.25 0.399911
4.26 0.265358
4.27 0.396178
4.28 0.394331
4.29 0.523329
4.3 0.651125
4.31 0.518489
4.32 0.38707
4.33 0.513715
4.34 0.639192
4.35 0.63626
4.36 0.633348
4.37 0.630456
4.38 0.502067
4.39 0.874623
4.4 0.373139
4.41 0.866717
4.42 0.123258
4.43 0.613513
4.44 0.732906
4.45 0.36481
4.46 0.968474
4.47 0.120519
4.48 0.719892
4.49 0.477795
4.5 0.594595
4.51 1.06554
4.52 1.06083
4.53 0.352053
4.54 0.46734
4.55 0.581613
4.56 0.694881
4.57 0.461231
4.58 0.918443
4.59 1.14306
4.6 0.569052
4.61 0.566588
4.62 0.564141
4.63 1.3481
4.64 0.559293
4.65 1.11379
4.66 0.776311
4.67 0.552138
4.68 0.65974
4.69 0.328466
4.7 1.09024
4.71 0.651371
4.72 0.864823
4.73 0.968821
4.74 1.28632
4.75 0.640459
4.76 1.06296
4.77 0.740956
4.78 0.843271
4.79 0.524848
4.8 1.2544
4.81 0.832795
4.82 0.725679
4.83 1.23888
4.84 0.925328
4.85 0.92152
4.86 1.32562
4.87 0.913975
4.88 1.21365
4.89 1.00725
4.9 1.20377
4.91 1.69841
4.92 1.49252
4.93 1.18918
4.94 1.18438
4.95 1.7694
4.96 0.783235
4.97 0.78009
4.98 1.06832
4.99 1.45098
5 1.44519
5.01 1.15154
5.02 1.43371
5.03 0.85681
5.04 1.13789
5.05 1.60564
5.06 1.31707
5.07 1.4993
5.08 1.86676
5.09 1.76647
5.1 1.48173
5.11 0.922464
5.12 1.83774
5.13 1.46447
5.14 1.36761
5.15 1.63477
5.16 1.62844
5.17 0.811078
5.18 1.43636
5.19 1.34141
5.2 1.42534
5.21 1.2424
5.22 0.707226
5.23 1.49712
5.24 1.31596
5.25 1.13616
5.26 1.04478
5.27 1.64797
5.28 1.29611
5.29 0.860813
5.3 1.71514
5.31 1.28152
5.32 1.70228
5.33 1.27193
5.34 1.26718
5.35 0.841631
5.36 1.0062
5.37 1.7543
5.38 1.74779
5.39 1.16088
5.4 2.06533
5.41 1.56386
5.42 1.06607
5.43 0.898741
5.44 1.62808
5.45 1.94654
5.46 0.727282
5.47 1.1272
5.48 1.12309
5.49 1.19894
5.5 1.8317
5.51 1.34896
5.52 1.26502
5.53 1.8119
5.54 1.17741
5.55 1.25139
5.56 1.2469
5.57 2.01895
5.58 1.70223
5.59 1.54195
5.6 1.15234
5.61 0.995141
5.62 1.90693
5.63 1.52014
5.64 1.5905
5.65 2.11317
5.66 1.65449
5.67 1.7236
5.68 1.19481
5.69 1.6371
5.7 2.15044
5.71 1.40398
5.72 1.8409
5.73 1.24745
5.74 0.804366
5.75 1.67602
5.76 1.37974
5.77 1.44733
5.78 1.00963
5.79 1.29362
5.8 1.07431
5.81 1.42748
5.82 1.42259
5.83 1.63037
5.84 1.05965
5.85 1.40805
5.86 1.19276
5.87 1.11878
5.88 1.5331
5.89 0.833402
5.9 1.73038
5.91 0.965738
5.92 1.30622
5.93 0.548137
5.94 0.819442
5.95 1.08892
5.96 0.746127
5.97 1.55487
5.98 1.07803
5.99 1.07444
6 1.33858
6.01 1.13401
6.02 1.19674
6.03 1.19278
6.04 1.32093
6.05 0.921596
6.06 1.37784
6.07 0.980934
6.08 0.78217
6.09 0.779605
6.1 1.48935
6.11 0.9036
6.12 0.836319
6.13 1.28245
6.14 0.76697
6.15 0.9556
6.16 0.444501
6.17 0.94942
6.18 0.883262
6.19 0.628866
6.2 0.438789
6.21 0.874756
6.22 0.560538
6.23 0.682906
6.24 0.866371
6.25 0.30843
6.26 1.04532
6.27 0.980694
6.28 0.733182
6.29 0.730854
6.3 0.607115
6.31 0.665713
6.32 0.361969
6.33 0.481103
6.34 0.35969
6.35 0.478079
6.36 0.53615
6.37 0.593855
6.38 0.473597
6.39 0.531132
6.4 0.588305
6.41 0.410531
6.42 0.584648
6.43 0.524549
6.44 0.581025
6.45 0.289613
6.46 0.346462
6.47 0.460523
6.48 0.344328
6.49 0.514903
6.5 0.513321
6.51 0.568607
6.52 0.736925
6.53 0.565132
6.54 0.732428
6.55 0.449351
6.56 0.335987
6.57 0.94907
6.58 0.445266
6.59 0.554896
6.6 0.442573
6.61 0.386082
6.62 0.219953
6.63 0.548225
6.64 0.163973
6.65 0.490442
6.66 0.488971
6.67 0.43334
6.68 0.48605
6.69 0.215377
6.7 0.322103
6.71 0.695813
6.72 0.64038
6.73 0.63848
6.74 0.477441
6.75 0.476028
6.76 1.16019
6.77 0.368061
6.78 0.419403
6.79 0.522711
6.8 0.260588
6.81 0.623578
6.82 0.466314
6.83 0.981561
6.84 0.566613
6.85 0.616321
6.86 0.768159
6.87 0.510617
6.88 0.763703
6.89 0.710723
6.9 0.607428
6.91 0.858036
6.92 0.754906
6.93 0.75273
6.94 0.600451
6.95 0.548832
6.96 1.19402
6.97 0.892946
6.98 0.840925
6.99 0.690547
7 1.13123
7.01 0.637572
7.02 0.929184
7.03 1.07284
7.04 0.875289
7.05 1.06677
7.06 1.0154
7.07 0.867882
7.08 0.913513
7.09 1.00683
7.1 1.62552
7.11 1.43025
7.12 1.14099
7.13 1.70669
7.14 1.04006
7.15 1.03716
7.16 1.26932
7.17 1.59396
7.18 1.16877
7.19 1.07228
7.2 1.11579
7.21 1.43724
7.22 0.924688
7.23 0.55328
7.24 1.33341
7.25 1.14632
7.26 1.23462
7.27 1.36803
7.28 0.682139
7.29 1.22449
7.3 0.995
7.31 1.66884
7.32 1.03455
7.33 1.30088
7.34 1.16314
7.35 1.69535
7.36 0.889868
7.37 1.4643
7.38 0.796549
7.39 1.58879
7.4 1.23239
7.41 0.790117
7.42 1.66353
7.43 1.22247
7.44 1.21918
7.45 1.65017
7.46 1.51583
7.47 1.339
7.48 1.24927
7.49 1.2889
7.5 0.856978
7.51 1.06837
7.52 1.44913
7.53 1.87037
7.54 1.69583
7.55 1.14166
7.56 0.927782
7.57 1.43006
7.58 1.59409
7.59 1.00415
7.6 1.25188
7.61 1.74804
7.62 0.99626
7.63 1.32487
7.64 1.15623
7.65 1.40033
7.66 1.23236
7.67 1.35207
7.68 1.51201
7.69 1.50808
7.7 1.42287
7.71 0.892055
7.72 1.17285
7.73 1.16982
7.74 1.12656
7.75 1.16379
7.76 1.04071
7.77 0.998114
7.78 1.23448
7.79 1.42992
7.8 0.990456
7.81 1.46213
7.82 0.985399
7.83 1.61193
7.84 1.33332
7.85 1.29081
7.86 0.89737
7.87 1.40101
7.88 1.0481
7.89 0.774402
7.9 0.965555
7.91 1.04017
7.92 1.26811
7.93 1.22658
7.94 1.49114
7.95 0.686488
7.96 1.10323
7.97 0.94868
7.98 0.946305
7.99 1.32151
8 1.28055
8.01 1.12708
8.02 1.01185
8.03 0.897182
8.04 1.34243
8.05 1.19031
8.06 1.18736
8.07 1.18442
8.08 1.14457
8.09 1.03125
8.1 1.17567
8.11 1.02618
8.12 1.02365
8.13 1.23995
8.14 1.16415
8.15 1.12501
8.16 0.86884
8.17 1.08339
8.18 0.936649
8.19 1.29374
8.2 0.716991
8.21 1.03711
8.22 0.784859
8.23 1.35238
8.24 1.13608
8.25 1.23958
8.26 1.09526
8.27 0.88114
8.28 1.1603
8.29 1.1575
8.3 1.11973
8.31 1.01231
8.32 1.184
8.33 1.35486
8.34 1.17833
8.35 0.760625
8.36 1.13821
8.37 1.23872
8.38 1.02981
8.39 1.09585
8.4 1.05908
8.41 0.817982
8.42 0.884045
8.43 0.474896
8.44 0.913704
8.45 1.21539
8.46 1.01043
8.47 1.24326
8.48 1.07272
8.49 1.00331
8.5 0.867492
8.51 0.798883
8.52 1.02947
8.53 1.19271
8.54 0.991604
8.55 0.791429
8.56 1.01988
8.57 0.853387
8.58 0.8514
8.59 1.07811
8.6 1.04301
8.61 1.04059
8.62 0.843521
8.63 0.712097
8.64 0.80733
8.65 0.612154
8.66 0.642886
8.67 0.801756
8.68 1.08788
8.69 0.798072
8.7 1.24213
8.71 0.857966
8.72 0.919408
8.73 0.917304
8.74 0.946766
8.75 1.13353
8.76 0.69113
8.77 1.06568
8.78 1.00071
8.79 0.842429
8.8 0.498084
8.81 0.683312
8.82 1.02265
8.83 0.834818
8.84 0.771232
8.85 0.95417
8.86 0.767757
8.87 1.16436
8.88 0.978309
8.89 0.70158
8.9 0.66957
8.91 0.789535
8.92 0.757468
8.93 0.755774
8.94 0.784248
8.95 0.541729
8.96 0.750724
8.97 0.629204
8.98 0.777281
8.99 0.984357
9 1.10122
9.01 0.801813
9.02 0.800037
9.03 0.502613
9.04 0.501502
9.05 0.88305
9.06 0.763622
9.07 0.879162
9.08 0.497096
9.09 0.43765
9.1 0.873378
9.11 0.842414
9.12 0.753613
9.13 0.983338
9.14 0.894613
9.15 0.748682
9.16 0.948178
9.17 0.917442
9.18 0.772407
9.19 0.628001
9.2 0.797538
9.21 0.909495
9.22 0.737363
9.23 0.594274
9.24 0.621226
9.25 0.563531
9.26 0.815358
9.27 0.8136
9.28 0.559896
9.29 0.698365
9.3 0.780488
9.31 0.890072
9.32 0.777144
9.33 0.886262
9.34 0.967276
9.35 0.689435
9.36 0.825556
9.37 0.796336
9.38 0.739837
9.39 1.09372
9.4 0.982259
9.41 0.898492
9.42 0.733571
9.43 0.867575
9.44 0.946902
9.45 0.9449
9.46 0.996785
9.47 0.672082
9.48 0.885279
9.49 1.12435
9.5 1.01513
9.51 0.746417
9.52 0.904461
9.53 0.822927
9.54 0.900675
9.55 0.819486
9.56 1.08157
9.57 0.947689
9.58 0.866903
9.59 0.681592
9.6 0.863297
9.61 0.704865
9.62 0.989972
9.63 0.623949
9.64 1.03776
9.65 1.00972
9.66 1.18849
9.67 0.670367
9.68 0.926284
9.69 0.975728
9.7 1.17871
9.71 0.946144
9.72 1.04627
9.73 1.24786
9.74 1.11823
9.75 1.06521
9.76 0.809928
9.77 0.858789
9.78 1.38638
9.79 1.03137
9.8 1.02927
9.81 1.20255
9.82 1.02508
9.83 0.973099
9.84 1.29483
9.85 1.26735
9.86 1.41358
9.87 1.18798
9.88 1.01268
9.89 1.30643
9.9 1.00859
9.91 1.35026
9.92 1.24954
9.93 1.07587
9.94 1.56175
9.95 1.02284
9.96 1.19092
9.97 1.18853
9.98 1.28298
9.99 1.13546
