0 0
0.01 0
0.02 0
0.03 0
0.04 0
0.05 0
0.06 0
0.07 0
0.08 0
0.09 0
0.1 0
0.11 0
0.12 0
0.13 0
0.14 0
0.15 0
0.16 0
0.17 0
0.18 0
0.19 0
0.2 0
0.21 0
0.22 0
0.23 0
0.24 0
0.25 0
0.26 0
0.27 0
0.28 0
0.29 0
0.3 0
0.31 0
0.32 0
0.33 0
0.34 0
0.35 0
0.36 0
0.37 0
0.38 0
0.39 0
0.4 0
0.41 0
0.42 0
0.43 0
0.44 0
0.45 0
0.46 0
0.47 0
0.48 0
0.49 0
0.5 0
0.51 0
0.52 0
0.53 0
0.54 0
0.55 0
0.56 0
0.57 0
0.58 0
0.59 0
0.6 0
0.61 0
0.62 0
0.63 0
0.64 0
0.65 0
0.66 0
0.67 0
0.68 0
0.69 0
0.7 0
0.71 0
0.72 0
0.73 0
0.74 0
0.75 0
0.76 0
0.77 0
0.78 0
0.79 0
0.8 0
0.81 0
0.82 0
0.83 0
0.84 0
0.85 0
0.86 0
0.87 0
0.88 0
0.89 0
0.9 0
0.91 0
0.92 0
0.93 0
0.94 0
0.95 0
0.96 0
0.97 0
0.98 0
0.99 0
1 0
1.01 0
1.02 0
1.03 0
1.04 0
1.05 0
1.06 0
1.07 0
1.08 0
1.09 0
1.1 0
1.11 0
1.12 0
1.13 0
1.14 0
1.15 0
1.16 0
1.17 0
1.18 0
1.19 0
1.2 0
1.21 0
1.22 0
1.23 0
1.24 0
1.25 0
1.26 0
1.27 0
1.28 0
1.29 0
1.3 0
1.31 0
1.32 0
1.33 0
1.34 0
1.35 0
1.36 0
1.37 0
1.38 0
1.39 0
1.4 0
1.41 0
1.42 0
1.43 0
1.44 0
1.45 0
1.46 0
1.47 0
1.48 0
1.49 0
1.5 0
1.51 0
1.52 0
1.53 0
1.54 0
1.55 0
1.56 0
1.57 0
1.58 0
1.59 0
1.6 0
1.61 0
1.62 0
1.63 0
1.64 0
1.65 0
1.66 0
1.67 0
1.68 0
1.69 0
1.7 0
1.71 0
1.72 0
1.73 0
1.74 0
1.75 0
1.76 0
1.77 0
1.78 0
1.79 0
1.8 0
1.81 0
1.82 0
1.83 0
1.84 0
1.85 0
1.86 0
1.87 0
1.88 0
1.89 0
1.9 0
1.91 0
1.92 0
1.93 0
1.94 0
1.95 0
1.96 0
1.97 0
1.98 0
1.99 0
2 0
2.01 0
2.02 0
2.03 0
2.04 0
2.05 0
2.06 0
2.07 0
2.08 0
2.09 0
2.1 0
2.11 0
2.12 0
2.13 0
2.14 0
2.15 0
2.16 0
2.17 0
2.18 0
2.19 0
2.2 0
2.21 0
2.22 0
2.23 0
2.24 0
2.25 0
2.26 0
2.27 0
2.28 0
2.29 0
2.3 0
2.31 0.450338
2.32 0
2.33 0
2.34 0
2.35 0
2.36 0
2.37 0
2.38 0
2.39 0
2.4 0
2.41 0.413815
2.42 0
2.43 0.407045
2.44 0
2.45 0
2.46 0
2.47 0
2.48 0.78166
2.49 0
2.5 1.53846
2.51 0.763123
2.52 0.75709
2.53 0.751129
2.54 0
2.55 1.10912
2.56 0.733662
2.57 1.09196
2.58 0.722353
2.59 0.716796
2.6 0.711304
2.61 0.705874
2.62 1.40101
2.63 0
2.64 1.3799
2.65 2.05429
2.66 1.35927
2.67 4.04738
2.68 0.669548
2.69 0.996883
2.7 1.31937
2.71 1.63708
2.72 3.90022
2.73 1.61323
2.74 3.20299
2.75 0.317978
2.76 2.84114
2.77 2.8207
2.78 2.17815
2.79 2.47154
2.8 2.45394
2.81 3.04568
2.82 5.14106
2.83 2.40228
2.84 2.38543
2.85 3.84921
2.86 4.41045
2.87 2.04392
2.88 3.18964
2.89 2.87967
2.9 4.8618
2.91 2.27224
2.92 2.53882
2.93 2.52155
2.94 1.11309
2.95 3.5931
2.96 1.09812
2.97 2.99957
2.98 3.52124
2.99 3.2287
3 3.47452
3.01 2.65501
3.02 1.58249
3.03 3.14416
3.04 4.16472
3.05 2.06875
3.06 3.33982
3.07 2.29717
3.08 2.2823
3.09 2.77148
3.1 2.25299
3.11 2.23855
3.12 3.45994
3.13 1.71895
3.14 2.68406
3.15 1.45477
3.16 2.16838
3.17 2.63358
3.18 1.18957
3.19 1.41857
3.2 2.5845
3.21 1.86796
3.22 1.8564
3.23 1.3837
3.24 3.20878
3.25 1.82234
3.26 1.58479
3.27 1.12509
3.28 2.01285
3.29 0.666885
3.3 1.76762
3.31 1.31773
3.32 1.30981
3.33 0.650984
3.34 1.50989
3.35 1.92974
3.36 0.426286
3.37 0.211882
3.38 0.631895
3.39 0.83757
3.4 1.24899
3.41 1.03474
3.42 1.23444
3.43 1.02272
3.44 0.813434
3.45 1.01091
3.46 1.40712
3.47 1.5989
3.48 0.596151
3.49 1.18549
3.5 1.17873
3.51 0.586019
3.52 0.582698
3.53 0.579406
3.54 0.960237
3.55 1.14581
3.56 0.759594
3.57 0.566513
3.58 1.3145
3.59 0.74697
3.6 0.371416
3.61 0
3.62 0.367329
3.63 0.913276
3.64 0.544963
3.65 0.541985
3.66 0.718709
3.67 0.536102
3.68 0.710928
3.69 0.707085
3.7 0.527455
3.71 0.699493
3.72 0.347871
3.73 0
3.74 0.344165
3.75 0.342335
3.76 0.340519
3.77 0.169358
3.78 0
3.79 0.335156
3.8 0.500095
3.81 0.663303
3.82 0.329919
3.83 0.492302
3.84 0.163248
3.85 0
3.86 0.323126
3.87 0.16073
3.88 0.159904
3.89 0.477251
3.9 0.31654
3.91 0.472388
3.92 0.156661
3.93 0.623464
3.94 0.46523
3.95 0.308587
3.96 0.460549
3.97 0.458235
3.98 0.151979
3.99 0.302439
4 0.902791
4.01 0.149717
4.02 0.297947
4.03 0.444708
4.04 0.295008
4.05 0.733887
4.06 0.730281
4.07 0.29068
4.08 0.723147
4.09 0.287848
4.1 0.716118
4.11 0.142528
4.12 0.283676
4.13 0.282306
4.14 0.561891
4.15 0.279595
4.16 0.834761
4.17 0.553845
4.18 1.2402
4.19 0.68572
4.2 0.136493
4.21 1.08677
4.22 0.540813
4.23 0.403697
4.24 0.267865
4.25 0.799821
4.26 0
4.27 0.396178
4.28 0.262887
4.29 0.784993
4.3 0.651125
4.31 0.388866
4.32 0.38707
4.33 0.513715
4.34 0.639192
4.35 0.63626
4.36 0.633348
4.37 0.756547
4.38 0.37655
4.39 0.99957
4.4 0.373139
4.41 0.742901
4.42 0.246516
4.43 0.49081
4.44 0.732906
4.45 0.36481
4.46 0.847415
4.47 0.361556
4.48 0.59991
4.49 0.477795
4.5 0.713514
4.51 0.947143
4.52 1.06083
4.53 0.352053
4.54 0.350505
4.55 0.814258
4.56 0.694881
4.57 0.345923
4.58 1.03325
4.59 1.25737
4.6 0.341431
4.61 0.566588
4.62 0.564141
4.63 1.3481
4.64 0.671152
4.65 1.00241
4.66 0.665409
4.67 0.662566
4.68 0.65974
4.69 0.328466
4.7 0.763167
4.71 1.08562
4.72 0.75672
4.73 1.07647
4.74 1.28632
4.75 0.533716
4.76 0.95666
4.77 0.952657
4.78 0.737862
4.79 0.629818
4.8 1.14986
4.81 0.728696
4.82 0.725679
4.83 1.44536
4.84 0.925328
4.85 1.02391
4.86 1.01971
4.87 1.21863
4.88 1.01137
4.89 1.2087
4.9 1.10346
4.91 1.29878
4.92 1.99002
4.93 0.891885
4.94 1.48047
4.95 1.3762
4.96 0.783235
4.97 0.975112
4.98 1.06832
4.99 1.25752
5 1.2525
5.01 1.53539
5.02 1.24254
5.03 1.04721
5.04 1.13789
5.05 1.70009
5.06 1.12892
5.07 1.59301
5.08 1.77342
5.09 1.48755
5.1 1.85216
5.11 1.10696
5.12 1.65396
5.13 1.46447
5.14 1.45878
5.15 1.72559
5.16 1.44751
5.17 0.811078
5.18 1.34659
5.19 1.60969
5.2 1.15809
5.21 0.798684
5.22 1.41445
5.23 1.32099
5.24 1.49142
5.25 0.786571
5.26 1.13185
5.27 1.82144
5.28 1.29611
5.29 0.946895
5.3 1.37211
5.31 1.28152
5.32 1.95763
5.33 1.27193
5.34 1.09822
5.35 1.09412
5.36 1.09005
5.37 1.42015
5.38 1.83102
5.39 1.16088
5.4 1.9001
5.41 1.56386
5.42 1.39409
5.43 0.65363
5.44 1.62808
5.45 1.86543
5.46 0.888901
5.47 1.1272
5.48 1.12309
5.49 1.19894
5.5 1.75206
5.51 1.42831
5.52 1.26502
5.53 1.73312
5.54 1.25591
5.55 1.25139
5.56 1.2469
5.57 1.94129
5.58 1.62485
5.59 1.61905
5.6 1.22916
5.61 1.07169
5.62 1.90693
5.63 1.52014
5.64 1.81771
5.65 2.0377
5.66 1.57928
5.67 1.49878
5.68 1.49352
5.69 1.26503
5.7 2.15044
5.71 1.55177
5.72 1.69363
5.73 1.17407
5.74 0.87749
5.75 1.74889
5.76 1.59759
5.77 1.3026
5.78 0.937514
5.79 1.22175
5.8 1.43241
5.81 1.42748
5.82 1.28033
5.83 1.41772
5.84 1.20094
5.85 1.40805
5.86 1.26292
5.87 0.978934
5.88 1.60279
5.89 0.763952
5.9 1.52273
5.91 1.51759
5.92 1.03123
5.93 0.685172
5.94 0.614582
5.95 1.02087
5.96 1.01745
5.97 1.35206
5.98 0.808526
5.99 1.4102
6 1.33858
6.01 1.26743
6.02 1.06377
6.03 1.39157
6.04 0.924648
6.05 1.25074
6.06 1.11539
6.07 1.04633
6.08 0.912531
6.09 0.714638
6.1 1.55411
6.11 0.774514
6.12 0.964984
6.13 1.21833
6.14 0.830884
6.15 0.891893
6.16 0.444501
6.17 1.01271
6.18 0.820172
6.19 0.440206
6.2 0.626841
6.21 0.874756
6.22 0.498256
6.23 0.558741
6.24 1.05202
6.25 0.246744
6.26 1.04532
6.27 1.04199
6.28 0.733182
6.29 0.66995
6.3 0.546403
6.31 0.90779
6.32 0.180984
6.33 0.481103
6.34 0.299742
6.35 0.657359
6.36 0.53615
6.37 0.53447
6.38 0.473597
6.39 0.531132
6.4 0.529475
6.41 0.527825
6.42 0.584648
6.43 0.466266
6.44 0.522923
6.45 0.347536
6.46 0.288718
6.47 0.575654
6.48 0.344328
6.49 0.343268
6.5 0.684428
6.51 0.511746
6.52 0.793611
6.53 0.508619
6.54 0.507066
6.55 0.730195
6.56 0.167994
6.57 0.94907
6.58 0.612241
6.59 0.443917
6.6 0.442573
6.61 0.496391
6.62 0.274941
6.63 0.43858
6.64 0.109315
6.65 0.544935
6.66 0.488971
6.67 0.325005
6.68 0.594061
6.69 0.215377
6.7 0.375787
6.71 0.695813
6.72 0.587015
6.73 0.691686
6.74 0.477441
6.75 0.581812
6.76 0.949244
6.77 0.473222
6.78 0.366977
6.79 0.418169
6.8 0.364823
6.81 0.571613
6.82 0.569939
6.83 0.826578
6.84 0.566613
6.85 0.770402
6.86 0.768159
6.87 0.510617
6.88 0.712789
6.89 0.710723
6.9 0.658047
6.91 0.858036
6.92 0.754906
6.93 0.75273
6.94 0.600451
6.95 0.498938
6.96 1.14426
6.97 1.04177
6.98 0.741992
6.99 0.838522
7 0.983682
7.01 0.637572
7.02 0.88028
7.03 1.21914
7.04 0.729407
7.05 1.11526
7.06 1.06375
7.07 0.867882
7.08 1.10583
7.09 0.767107
7.1 1.5299
7.11 1.47793
7.12 1.14099
7.13 1.56447
7.14 1.22916
7.15 1.03716
7.16 1.26932
7.17 1.50019
7.18 1.30902
7.19 1.21214
7.2 0.97632
7.21 1.20543
7.22 1.10963
7.23 0.6916
7.24 1.19547
7.25 1.23803
7.26 1.00599
7.27 1.36803
7.28 0.727615
7.29 1.36054
7.3 0.995
7.31 1.84925
7.32 0.809652
7.33 1.3906
7.34 1.07366
7.35 1.60612
7.36 1.11233
7.37 1.37556
7.38 0.929307
7.39 1.36813
7.4 1.18838
7.41 0.921803
7.42 1.44465
7.43 1.3971
7.44 1.30627
7.45 1.47647
7.46 1.73237
7.47 1.20942
7.48 1.33542
7.49 1.20297
7.5 0.899827
7.51 0.982903
7.52 1.49175
7.53 1.99789
7.54 1.65343
7.55 1.14166
7.56 0.88561
7.57 1.30388
7.58 1.67799
7.59 0.962306
7.6 1.37707
7.61 1.62318
7.62 1.12079
7.63 1.28347
7.64 1.23882
7.65 1.27677
7.66 1.10912
7.67 1.39304
7.68 1.79807
7.69 1.26353
7.7 1.42287
7.71 0.851507
7.72 1.21329
7.73 1.29083
7.74 1.0461
7.75 1.24405
7.76 0.920632
7.77 0.998114
7.78 1.31413
7.79 1.35048
7.8 1.03007
7.81 1.26454
7.82 1.06423
7.83 1.84782
7.84 1.2941
7.85 1.17346
7.86 0.936386
7.87 1.3621
7.88 1.12573
7.89 0.813123
7.9 0.849689
7.91 1.00164
7.92 1.38339
7.93 1.26491
7.94 1.41467
7.95 0.64835
7.96 1.10323
7.97 0.872785
7.98 1.17342
7.99 1.17048
8 1.28055
8.01 1.27736
8.02 0.861943
8.03 0.897182
8.04 1.49159
8.05 1.04152
8.06 1.22446
8.07 1.14741
8.08 1.21841
8.09 1.03125
8.1 1.13893
8.11 1.13612
8.12 0.877416
8.13 1.20348
8.14 1.30967
8.15 1.01613
8.16 0.86884
8.17 1.01117
8.18 0.972674
8.19 1.29374
8.2 0.82454
8.21 1.00135
8.22 0.891886
8.23 1.10325
8.24 1.31359
8.25 1.20416
8.26 1.09526
8.27 0.951631
8.28 1.12514
8.29 1.08735
8.3 1.18971
8.31 1.08213
8.32 0.940235
8.33 1.45908
8.34 1.10902
8.35 0.898921
8.36 1.00025
8.37 1.34195
8.38 1.09846
8.39 1.02736
8.4 1.05908
8.41 0.886148
8.42 0.850044
8.43 0.542739
8.44 0.676818
8.45 1.28291
8.46 1.0778
8.47 1.20966
8.48 1.13977
8.49 0.802649
8.5 1.06768
8.51 0.765596
8.52 1.06268
8.53 1.09332
8.54 1.15687
8.55 0.758453
8.56 0.986978
8.57 0.722097
8.58 0.916892
8.59 1.04544
8.6 1.20598
8.61 0.910518
8.62 0.908408
8.63 0.712097
8.64 0.775037
8.65 0.644372
8.66 0.610742
8.67 0.833826
8.68 1.08788
8.69 0.861917
8.7 1.11473
8.71 0.889742
8.72 0.951111
8.73 0.885673
8.74 0.852089
8.75 1.1965
8.76 0.722545
8.77 1.09702
8.78 0.906892
8.79 0.87363
8.8 0.498084
8.81 0.807551
8.82 0.836711
8.83 0.896656
8.84 0.709534
8.85 0.95417
8.86 0.798467
8.87 1.16436
8.88 1.00888
8.89 0.762586
8.9 0.73044
8.91 0.668068
8.92 0.848365
8.93 0.755774
8.94 0.754085
8.95 0.571825
8.96 0.660637
8.97 0.659166
8.98 0.807177
8.99 0.865041
9 1.22027
9.01 0.861207
9.02 0.651882
9.03 0.591309
9.04 0.413002
9.05 0.853615
9.06 0.822363
9.07 0.820551
9.08 0.555578
9.09 0.43765
9.1 0.989829
9.11 0.784317
9.12 0.724628
9.13 1.04118
9.14 0.721462
9.15 0.777478
9.16 1.17804
9.17 0.745422
9.18 0.801015
9.19 0.713637
9.2 0.740571
9.21 0.909495
9.22 0.595563
9.23 0.707469
9.24 0.508276
9.25 0.676238
9.26 0.815358
9.27 0.8136
9.28 0.64388
9.29 0.726299
9.3 0.724739
9.31 0.778813
9.32 0.777144
9.33 0.886262
9.34 1.05019
9.35 0.717013
9.36 0.715482
9.37 0.823796
9.38 0.822041
9.39 1.06638
9.4 1.00954
9.41 0.925719
9.42 0.652063
9.43 0.867575
9.44 0.865739
9.45 1.07989
9.46 0.942905
9.47 0.698966
9.48 0.777973
9.49 1.09758
9.5 1.1487
9.51 0.82639
9.52 0.798054
9.53 0.769835
9.54 0.874184
9.55 0.819486
9.56 1.26623
9.57 0.816066
9.58 0.866903
9.59 0.707807
9.6 0.915618
9.61 0.652653
9.62 0.859713
9.63 0.753938
9.64 0.959927
9.65 1.08739
9.66 1.18849
9.67 0.721933
9.68 0.926284
9.69 0.975728
9.7 1.07622
9.71 1.074
9.72 0.969718
9.73 1.24786
9.74 0.991156
9.75 1.21738
9.76 0.809928
9.77 0.959823
9.78 1.31076
9.79 1.10684
9.8 0.828437
9.81 1.37792
9.82 0.975081
9.83 0.99805
9.84 1.12053
9.85 1.4413
9.86 1.31439
9.87 1.26223
9.88 1.08678
9.89 1.08458
9.9 1.15619
9.91 1.27661
9.92 1.20054
9.93 1.29593
9.94 1.31773
9.95 1.0959
9.96 1.16662
9.97 1.2613
9.98 1.18615
9.99 1.2321
