1 0.548931
2 0.533948
3 0.517366
4 0.501435
5 0.487069
6 0.465524
7 0.449109
8 0.427327
9 0.404505
10 0.375022
11 0.349185
12 0.321462
13 0.306607
14 0.28808
15 0.264
16 0.238035
17 0.217715
18 0.203557
19 0.187923
20 0.17758
21 0.159217
22 0.147902
23 0.1306
24 0.116787
25 0.106411
26 0.0995984
27 0.089923
28 0.0788399
29 0.0737565
30 0.0616667
31 0.0506006
32 0.0447049
33 0.0462329
34 0.0394576
35 0.037542
36 0.0362583
37 0.0402541
38 0.0457298
39 0.0498952
40 0.0577437
41 0.0626156
42 0.0692497
43 0.0768394
44 0.085823
45 0.0992325
46 0.106787
47 0.117732
48 0.135436
49 0.148425
50 0.155331
51 0.159413
52 0.164128
53 0.174056
54 0.18145
55 0.193187
56 0.197213
57 0.208311
58 0.214553
59 0.224808
60 0.228419
61 0.237492
62 0.242083
63 0.250337
64 0.240781
65 0.242516
66 0.24495
67 0.24374
68 0.236618
69 0.239143
70 0.231615
71 0.231551
72 0.228941
73 0.227392
74 0.221516
75 0.217901
76 0.219675
77 0.216954
78 0.209957
79 0.202335
80 0.191517
81 0.18626
82 0.175435
83 0.167286
84 0.158052
85 0.142072
86 0.131204
87 0.115087
88 0.102068
89 0.0885678
90 0.0826666
91 0.074644
92 0.062557
93 0.0496102
94 0.0430591
95 0.0390787
96 0.0299585
97 0.0193039
98 0.0131165
99 0.00105938
100 -0.0123277
101 -0.0188056
102 -0.0245025
103 -0.0319104
104 -0.0432866
105 -0.0565614
106 -0.0659454
107 -0.0717073
108 -0.0792691
109 -0.0821722
110 -0.088809
111 -0.0925809
112 -0.101898
113 -0.107912
114 -0.106377
115 -0.113194
116 -0.115821
117 -0.120561
118 -0.127451
119 -0.130441
120 -0.129679
121 -0.12635
122 -0.125574
123 -0.121532
124 -0.114704
125 -0.118717
126 -0.117936
127 -0.106028
128 -0.10152
129 -0.104235
130 -0.102764
131 -0.0889649
132 -0.0840544
133 -0.0790242
134 -0.0805503
135 -0.0804545
136 -0.0716148
137 -0.0702719
138 -0.0654323
139 -0.0650355
140 -0.0598226
141 -0.0603614
142 -0.0583795
143 -0.059215
144 -0.0616354
145 -0.062857
146 -0.0663418
147 -0.0684037
148 -0.0699353
149 -0.0743581
150 -0.0766876
151 -0.0756197
152 -0.0810148
153 -0.0872225
154 -0.0958192
155 -0.103209
156 -0.108958
157 -0.111424
158 -0.115653
159 -0.12204
160 -0.127335
161 -0.122107
162 -0.123942
163 -0.130157
164 -0.132079
165 -0.13276
166 -0.140054
167 -0.140032
168 -0.145113
169 -0.143587
170 -0.145418
171 -0.141403
172 -0.139264
173 -0.13453
174 -0.132386
175 -0.130253
176 -0.12402
177 -0.115972
178 -0.105919
179 -0.0905544
180 -0.0734869
181 -0.0587937
182 -0.0418545
183 -0.0268352
184 -0.0119625
185 0.00689438
186 0.027152
187 0.0473301
188 0.0669775
189 0.0817437
190 0.103919
191 0.126673
192 0.144259
193 0.160363
194 0.173544
195 0.194579
196 0.21065
197 0.222808
198 0.243789
199 0.251404
200 0.259958
201 0.264141
202 0.270045
203 0.271932
204 0.272404
205 0.262848
206 0.251868
207 0.251001
208 0.243407
209 0.231909
210 0.212901
211 0.190823
212 0.172466
213 0.156045
214 0.134441
215 0.109321
216 0.0855352
217 0.0622461
218 0.036486
219 0.0146283
220 -0.0146653
221 -0.0418675
222 -0.0706618
223 -0.104605
224 -0.127311
225 -0.149411
226 -0.172607
227 -0.19442
228 -0.215136
229 -0.22978
230 -0.244882
231 -0.256189
232 -0.261858
233 -0.264535
234 -0.273588
235 -0.281535
236 -0.28144
237 -0.281036
238 -0.280981
239 -0.272777
240 -0.27015
241 -0.256775
242 -0.243804
243 -0.227766
244 -0.210424
245 -0.186899
246 -0.166789
247 -0.150783
248 -0.131603
249 -0.109085
250 -0.0794327
251 -0.0522604
252 -0.0184536
253 0.00784147
254 0.0372256
255 0.0651423
256 0.090929
257 0.11927
258 0.143921
259 0.166675
260 0.201522
261 0.221362
262 0.244014
263 0.266622
264 0.291956
265 0.310325
266 0.330216
267 0.342924
268 0.351466
269 0.360917
270 0.369536
271 0.377307
272 0.377734
273 0.37982
274 0.374564
275 0.369589
276 0.359179
277 0.349631
278 0.336239
279 0.323325
280 0.305469
281 0.278173
282 0.263018
283 0.242328
284 0.22252
285 0.2033
286 0.181459
287 0.158492
288 0.130727
289 0.105706
290 0.0830338
291 0.0612709
292 0.0365751
293 0.0124812
294 -0.0162332
295 -0.0353133
296 -0.0546771
297 -0.0764667
298 -0.0932656
299 -0.110392
300 -0.132521
301 -0.1497
302 -0.152623
303 -0.161181
304 -0.172253
305 -0.182604
306 -0.191708
307 -0.197508
308 -0.201146
309 -0.205724
310 -0.212659
311 -0.210779
312 -0.199553
313 -0.197975
314 -0.192313
315 -0.19304
316 -0.187483
317 -0.182932
318 -0.177952
319 -0.166244
320 -0.15337
321 -0.139563
322 -0.121401
323 -0.103978
324 -0.0899219
325 -0.0746724
326 -0.0669249
327 -0.0522035
328 -0.0362099
329 -0.0224755
330 -0.00185099
331 0.0121099
332 0.0298222
333 0.0431046
334 0.0545465
335 0.0675881
336 0.0811155
337 0.0912622
338 0.0993188
339 0.104075
340 0.109022
341 0.117875
342 0.122424
343 0.129356
344 0.142594
345 0.14815
346 0.149032
347 0.157218
348 0.155543
349 0.160719
350 0.1701
351 0.171119
352 0.167871
353 0.170258
354 0.163543
355 0.157601
356 0.152626
357 0.153286
358 0.15073
359 0.140829
360 0.136756
361 0.132921
362 0.122533
363 0.114974
364 0.104609
365 0.0871932
366 0.0785436
367 0.0752328
368 0.0696321
369 0.0549597
370 0.042648
371 0.0320301
372 0.0246569
373 0.0185562
374 0.00601248
375 -0.003029
376 -0.0175616
377 -0.0210805
378 -0.0226034
379 -0.0293537
380 -0.0386664
381 -0.0463482
382 -0.054126
383 -0.0637768
384 -0.0738436
385 -0.0820829
386 -0.0874385
387 -0.0824526
388 -0.0877559
389 -0.0899999
390 -0.0902076
391 -0.0908411
392 -0.0886456
393 -0.0850931
394 -0.0796089
395 -0.0797504
396 -0.0766705
397 -0.0721176
398 -0.0603164
399 -0.053019
400 -0.0440426
401 -0.035623
402 -0.0226113
403 -0.00539669
404 0.0102392
405 0.0339813
406 0.0481208
407 0.0604332
408 0.0826983
409 0.0980174
410 0.123413
411 0.144204
412 0.166327
413 0.184096
414 0.209169
415 0.228486
416 0.250136
417 0.270547
418 0.287556
419 0.311458
420 0.329189
421 0.342808
422 0.361494
423 0.380258
424 0.391547
425 0.405128
426 0.415426
427 0.42404
428 0.432655
429 0.439005
430 0.448697
431 0.45298
432 0.457702
433 0.458639
434 0.458118
435 0.454987
436 0.452887
437 0.454179
438 0.442997
439 0.434195
440 0.429528
441 0.413091
442 0.397261
443 0.389858
444 0.374297
445 0.357217
446 0.336751
447 0.313165
448 0.286584
449 0.265159
450 0.239217
451 0.217307
452 0.18957
453 0.156659
454 0.129854
455 0.0957889
456 0.0669179
457 0.0383842
458 0.00286528
459 -0.0241917
460 -0.0596587
461 -0.0913592
462 -0.123317
463 -0.148387
464 -0.17539
465 -0.199387
466 -0.227158
467 -0.247254
468 -0.269687
469 -0.28928
470 -0.307153
471 -0.333934
472 -0.358064
473 -0.382138
474 -0.400994
475 -0.415738
476 -0.421449
477 -0.431092
478 -0.433846
479 -0.439893
480 -0.444231
481 -0.448825
482 -0.451529
483 -0.453501
484 -0.452209
485 -0.451237
486 -0.445229
487 -0.435552
488 -0.431557
489 -0.420992
490 -0.405366
491 -0.393974
492 -0.374656
493 -0.358079
494 -0.333943
495 -0.315834
496 -0.290183
497 -0.271918
498 -0.247538
499 -0.222088
500 -0.197993
501 -0.178835
502 -0.155167
503 -0.133728
504 -0.103638
505 -0.0772728
506 -0.0483028
507 -0.023979
508 0.00209634
509 0.0284876
510 0.0581982
511 0.0760643
512 0.0942611
513 0.114257
514 0.135877
515 0.154221
516 0.172511
517 0.188748
518 0.200301
519 0.216661
520 0.238142
521 0.247621
522 0.262097
523 0.271289
524 0.280289
525 0.281636
526 0.277894
527 0.283594
528 0.286524
529 0.289065
530 0.284849
531 0.281421
532 0.275778
533 0.26725
534 0.256241
535 0.238285
536 0.220265
537 0.206473
538 0.187458
539 0.174494
540 0.157841
541 0.134384
542 0.113971
543 0.0994882
544 0.0794822
545 0.0544355
546 0.0295302
547 0.00925947
548 -0.0176545
549 -0.0368732
550 -0.0598357
551 -0.0816868
552 -0.0962172
553 -0.120857
554 -0.134092
555 -0.146961
556 -0.157029
557 -0.164994
558 -0.180088
559 -0.183157
560 -0.186977
561 -0.190991
562 -0.197542
563 -0.199471
564 -0.195438
565 -0.197476
566 -0.191889
567 -0.183325
568 -0.179087
569 -0.166025
570 -0.154413
571 -0.147349
572 -0.135656
573 -0.124038
574 -0.114826
575 -0.107327
576 -0.0875938
577 -0.07609
578 -0.0636603
579 -0.0470172
580 -0.0223014
581 -0.00484832
582 0.00969637
583 0.029311
584 0.0447496
585 0.0549819
586 0.0743619
587 0.0896914
588 0.104003
589 0.111796
590 0.123238
591 0.135953
592 0.142534
593 0.151766
594 0.157445
595 0.167373
596 0.167524
597 0.162692
598 0.163319
599 0.163143
600 0.158719
601 0.158361
602 0.152238
603 0.145648
604 0.1486
605 0.14143
606 0.131189
607 0.121482
608 0.102497
609 0.0854407
610 0.0680258
611 0.0565533
612 0.0390753
613 0.0232925
614 0.00336574
615 -0.00638431
616 -0.0386413
617 -0.0557758
618 -0.0761839
619 -0.0991703
620 -0.116694
621 -0.138502
622 -0.152662
623 -0.17097
624 -0.185898
625 -0.204361
626 -0.210185
627 -0.218542
628 -0.221819
629 -0.236733
630 -0.246779
631 -0.249203
632 -0.248741
633 -0.252935
634 -0.254991
635 -0.261146
636 -0.265839
637 -0.262795
638 -0.260579
639 -0.257548
640 -0.251264
641 -0.241709
642 -0.233638
643 -0.223493
644 -0.21453
645 -0.197942
646 -0.186501
647 -0.171202
648 -0.153437
649 -0.137295
650 -0.113901
651 -0.0862331
652 -0.0754135
653 -0.0552873
654 -0.0314914
655 -0.0143354
656 0.00327187
657 0.0211186
658 0.0457619
659 0.0721916
660 0.0891684
661 0.104951
662 0.119752
663 0.140419
664 0.166135
665 0.187018
666 0.201995
667 0.210087
668 0.232695
669 0.243119
670 0.260249
671 0.274923
672 0.286816
673 0.295561
674 0.303411
675 0.31254
676 0.316515
677 0.315747
678 0.315113
679 0.322163
680 0.318227
681 0.314314
682 0.30711
683 0.299318
684 0.298436
685 0.287535
686 0.281669
687 0.279413
688 0.273231
689 0.264327
690 0.250387
691 0.237708
692 0.22214
693 0.202116
694 0.186942
695 0.170082
696 0.152727
697 0.131497
698 0.115091
699 0.093176
700 0.0733072
701 0.0579506
702 0.0317578
703 0.0134025
704 0.0010011
705 -0.0129702
706 -0.030173
707 -0.0425069
708 -0.0587813
709 -0.0723639
710 -0.0858782
711 -0.10003
712 -0.120415
713 -0.138992
714 -0.154739
715 -0.164607
716 -0.18437
717 -0.192089
718 -0.20127
719 -0.212705
720 -0.213579
721 -0.225974
722 -0.236265
723 -0.245736
724 -0.252465
725 -0.25402
726 -0.254158
727 -0.262118
728 -0.260091
729 -0.259929
730 -0.259819
731 -0.25415
732 -0.255623
733 -0.246089
734 -0.237053
735 -0.23434
736 -0.227937
737 -0.221417
738 -0.216831
739 -0.209333
740 -0.196588
741 -0.193579
742 -0.187169
743 -0.183348
744 -0.177751
745 -0.168844
746 -0.158842
747 -0.154867
748 -0.151176
749 -0.149955
750 -0.147396
751 -0.139344
752 -0.136077
753 -0.133014
754 -0.127045
755 -0.12102
756 -0.119045
757 -0.116575
758 -0.114823
759 -0.104134
760 -0.10273
761 -0.0957489
762 -0.0920991
763 -0.0942949
764 -0.094793
765 -0.0959915
766 -0.0855968
767 -0.0890037
768 -0.0964054
769 -0.0987018
770 -0.100292
771 -0.100275
772 -0.0983415
773 -0.104786
774 -0.110882
775 -0.111587
776 -0.116506
777 -0.113115
778 -0.113428
779 -0.119143
780 -0.121909
781 -0.122886
782 -0.117794
783 -0.123354
784 -0.128284
785 -0.124606
786 -0.126166
787 -0.130578
788 -0.130632
789 -0.132117
790 -0.126187
791 -0.130149
792 -0.132365
793 -0.127876
794 -0.129833
795 -0.134688
796 -0.134075
797 -0.132307
798 -0.125534
799 -0.120398
800 -0.118649
801 -0.123057
802 -0.119466
803 -0.123312
804 -0.122878
805 -0.117472
806 -0.115045
807 -0.10904
808 -0.107991
809 -0.103198
810 -0.093146
811 -0.0942765
812 -0.0890079
813 -0.0852797
814 -0.0858598
815 -0.0842406
816 -0.0801906
817 -0.0851869
818 -0.08414
819 -0.0854895
820 -0.0824435
821 -0.0752549
822 -0.0705058
823 -0.0715111
824 -0.0684734
825 -0.0636926
826 -0.0663678
827 -0.0648532
828 -0.0636802
829 -0.063856
830 -0.0541084
831 -0.0527906
832 -0.0544317
833 -0.0477276
834 -0.0429801
835 -0.0352547
836 -0.0367415
837 -0.0384796
838 -0.0368688
839 -0.0292641
840 -0.0255209
841 -0.0252258
842 -0.0168488
843 -0.0137261
844 -0.0108188
845 -0.00807238
846 -0.00862496
847 -0.00665349
848 -0.000168112
849 -0.00178335
850 0.00309418
851 0.00285616
852 0.00445662
853 0.00614923
854 0.00251197
855 -0.00261
856 -0.00399163
857 -0.00442393
858 -0.0062441
859 -0.0105756
860 -0.0118339
861 -0.0128553
862 -0.020494
863 -0.0284215
864 -0.0376014
865 -0.0385801
866 -0.0430833
867 -0.0437169
868 -0.0517061
869 -0.0543244
870 -0.0533732
871 -0.0544294
872 -0.0485019
873 -0.0516045
874 -0.0543357
875 -0.0536942
876 -0.058081
877 -0.0603542
878 -0.0615087
879 -0.0647511
880 -0.0648991
881 -0.0607775
882 -0.0511253
883 -0.0554357
884 -0.0460385
885 -0.0415685
886 -0.0356105
887 -0.0322989
888 -0.0237887
889 -0.0203938
890 -0.00900083
891 0.0043922
892 0.0088844
893 0.0183018
894 0.0313079
895 0.0440704
896 0.0503431
897 0.0531949
898 0.0635788
899 0.0773254
900 0.0867095
901 0.0929755
902 0.10207
903 0.106906
904 0.121095
905 0.126345
906 0.138231
907 0.156238
908 0.166025
909 0.174034
910 0.179025
911 0.194979
912 0.204838
913 0.215843
914 0.23606
915 0.253632
916 0.266829
917 0.278017
918 0.284854
919 0.292045
920 0.294679
921 0.301146
922 0.306433
923 0.312372
924 0.318299
925 0.317636
926 0.320082
927 0.327111
928 0.324769
929 0.323706
930 0.32745
931 0.334129
932 0.334027
933 0.332123
934 0.32591
935 0.318717
936 0.318885
937 0.32079
938 0.31635
939 0.312514
940 0.311865
941 0.306248
942 0.301665
943 0.297395
944 0.29516
945 0.281506
946 0.279338
947 0.270387
948 0.260459
949 0.259816
950 0.255189
951 0.253485
952 0.24837
953 0.244664
954 0.241777
955 0.236818
956 0.233002
957 0.22297
958 0.213637
959 0.205331
960 0.197865
961 0.188308
962 0.182707
963 0.178714
964 0.168157
965 0.155091
966 0.146307
967 0.136914
968 0.128661
969 0.116705
970 0.103659
971 0.0978015
972 0.0847091
973 0.0755001
974 0.0613726
975 0.0538734
976 0.0425209
977 0.0388551
978 0.0234458
979 0.0184965
980 0.00350869
981 -0.00804857
982 -0.0103975
983 -0.0205755
984 -0.0276458
985 -0.0366549
986 -0.0393511
987 -0.047176
988 -0.0523412
989 -0.0486995
990 -0.0451215
991 -0.0424104
992 -0.040801
993 -0.0422507
994 -0.0375302
995 -0.0352014
996 -0.0325317
997 -0.0249568
998 -0.0119388
999 -0.00122589
1000 0.00602793
