0 0
0.01 0
0.02 0
0.03 0
0.04 0
0.05 0
0.06 0
0.07 0
0.08 0
0.09 0
0.1 0
0.11 0
0.12 0
0.13 0
0.14 0
0.15 0
0.16 0
0.17 0
0.18 0
0.19 0
0.2 0
0.21 0
0.22 0
0.23 0
0.24 0
0.25 0
0.26 0
0.27 0
0.28 0
0.29 0
0.3 0
0.31 0
0.32 0
0.33 0
0.34 0
0.35 0
0.36 0
0.37 0
0.38 0
0.39 0
0.4 0
0.41 0
0.42 0
0.43 0
0.44 0
0.45 0
0.46 0
0.47 0
0.48 0
0.49 0
0.5 0
0.51 0
0.52 0
0.53 0
0.54 0
0.55 0
0.56 0
0.57 0
0.58 0
0.59 0
0.6 0
0.61 0
0.62 0
0.63 0
0.64 0
0.65 0
0.66 0
0.67 0
0.68 0
0.69 0
0.7 0
0.71 0
0.72 0
0.73 0
0.74 0
0.75 0
0.76 0
0.77 0
0.78 0
0.79 0
0.8 0
0.81 0
0.82 0
0.83 0
0.84 0
0.85 0
0.86 0
0.87 0
0.88 0
0.89 0
0.9 0
0.91 0
0.92 0
0.93 0
0.94 0
0.95 0
0.96 0
0.97 0
0.98 0
0.99 0
1 0
1.01 0
1.02 0
1.03 0
1.04 0
1.05 0
1.06 0
1.07 0
1.08 0
1.09 0
1.1 0
1.11 0
1.12 0
1.13 0
1.14 0
1.15 0
1.16 0
1.17 0
1.18 0
1.19 0
1.2 0
1.21 0
1.22 0
1.23 0
1.24 0
1.25 0
1.26 0
1.27 0
1.28 0
1.29 0
1.3 0
1.31 0
1.32 0
1.33 0
1.34 0
1.35 0
1.36 0
1.37 0
1.38 0
1.39 0
1.4 0
1.41 0
1.42 0
1.43 0
1.44 0
1.45 0
1.46 0
1.47 0
1.48 0
1.49 0
1.5 0
1.51 0
1.52 0
1.53 0
1.54 0
1.55 0
1.56 0
1.57 0
1.58 0
1.59 0
1.6 0
1.61 0
1.62 0
1.63 0
1.64 0
1.65 0
1.66 0
1.67 0
1.68 0
1.69 0
1.7 0
1.71 0
1.72 0
1.73 0
1.74 0
1.75 0
1.76 0
1.77 0
1.78 0
1.79 0
1.8 0
1.81 0
1.82 0
1.83 0
1.84 0
1.85 0
1.86 0
1.87 0
1.88 0
1.89 0
1.9 0
1.91 0
1.92 0
1.93 0
1.94 0
1.95 0
1.96 0
1.97 0
1.98 0
1.99 0
2 0
2.01 0
2.02 0
2.03 0
2.04 0
2.05 0
2.06 0
2.07 0
2.08 0
2.09 0
2.1 0
2.11 0
2.12 0
2.13 0
2.14 0
2.15 0
2.16 0
2.17 0
2.18 0
2.19 0
2.2 0
2.21 0
2.22 0
2.23 0
2.24 0
2.25 0
2.26 0
2.27 0
2.28 0
2.29 0
2.3 0.454254
2.31 0
2.32 0
2.33 0
2.34 0
2.35 0
2.36 0
2.37 0
2.38 0
2.39 0
2.4 0
2.41 0.413815
2.42 0
2.43 0.407045
2.44 0
2.45 0
2.46 0
2.47 0
2.48 0.78166
2.49 0
2.5 1.53846
2.51 0.763123
2.52 0.75709
2.53 0.751129
2.54 0
2.55 1.10912
2.56 0.733662
2.57 1.09196
2.58 0.722353
2.59 0.716796
2.6 0.355652
2.61 1.05881
2.62 1.05076
2.63 0.3476
2.64 1.72488
2.65 1.36953
2.66 1.69909
2.67 3.7101
2.68 1.00432
2.69 0.996883
2.7 1.31937
2.71 2.29192
2.72 3.25018
2.73 1.61323
2.74 2.88269
2.75 0.953935
2.76 2.52546
2.77 2.8207
2.78 2.17815
2.79 1.85365
2.8 2.76069
2.81 3.04568
2.82 5.44347
2.83 2.40228
2.84 2.38543
2.85 3.84921
2.86 4.11642
2.87 2.3359
2.88 3.18964
2.89 2.59171
2.9 4.8618
2.91 2.8403
2.92 2.25673
2.93 2.24137
2.94 1.39136
2.95 3.31671
2.96 1.37265
2.97 2.99957
2.98 3.25037
2.99 3.2287
3 4.00906
3.01 2.12401
3.02 1.58249
3.03 3.40617
3.04 4.42502
3.05 1.81016
3.06 3.33982
3.07 2.29717
3.08 2.2823
3.09 2.77148
3.1 2.25299
3.11 2.48728
3.12 3.2128
3.13 1.71895
3.14 2.68406
3.15 1.45477
3.16 1.92745
3.17 2.87299
3.18 1.18957
3.19 1.655
3.2 2.11459
3.21 2.33496
3.22 1.62435
3.23 1.3837
3.24 2.97958
3.25 2.05013
3.26 1.58479
3.27 1.12509
3.28 1.7892
3.29 0.88918
3.3 1.98857
3.31 0.878484
3.32 1.52811
3.33 0.650984
3.34 1.50989
3.35 1.92974
3.36 0.639428
3.37 0
3.38 0.631895
3.39 0.628178
3.4 1.45715
3.41 1.24168
3.42 1.0287
3.43 1.02272
3.44 0.813434
3.45 1.2131
3.46 1.20611
3.47 1.39904
3.48 0.596151
3.49 1.18549
3.5 1.37519
3.51 0.586019
3.52 0.582698
3.53 0.579406
3.54 0.960237
3.55 1.14581
3.56 0.949493
3.57 0.377675
3.58 1.3145
3.59 0.74697
3.6 0.371416
3.61 0
3.62 0.367329
3.63 0.913276
3.64 0.544963
3.65 0.541985
3.66 0.718709
3.67 0.536102
3.68 0.88866
3.69 0.530314
3.7 0.351637
3.71 0.874366
3.72 0.347871
3.73 0
3.74 0.172083
3.75 0.513502
3.76 0.340519
3.77 0.169358
3.78 0
3.79 0.335156
3.8 0.500095
3.81 0.497477
3.82 0.659839
3.83 0.328201
3.84 0.163248
3.85 0
3.86 0.323126
3.87 0.16073
3.88 0.159904
3.89 0.636335
3.9 0.15827
3.91 0.472388
3.92 0.156661
3.93 0.77933
3.94 0.310154
3.95 0.308587
3.96 0.460549
3.97 0.458235
3.98 0.151979
3.99 0.302439
4 0.902791
4.01 0.149717
4.02 0.297947
4.03 0.444708
4.04 0.295008
4.05 0.733887
4.06 0.584224
4.07 0.581361
4.08 0.578518
4.09 0.287848
4.1 0.716118
4.11 0.142528
4.12 0.283676
4.13 0.141153
4.14 0.702363
4.15 0.279595
4.16 0.834761
4.17 0.553845
4.18 1.2402
4.19 0.68572
4.2 0.272985
4.21 0.950919
4.22 0.540813
4.23 0.269131
4.24 0.401797
4.25 0.533214
4.26 0.265358
4.27 0.396178
4.28 0.262887
4.29 0.784993
4.3 0.651125
4.31 0.388866
4.32 0.38707
4.33 0.513715
4.34 0.639192
4.35 0.63626
4.36 0.633348
4.37 0.756547
4.38 0.37655
4.39 0.99957
4.4 0.248759
4.41 0.866717
4.42 0.123258
4.43 0.613513
4.44 0.732906
4.45 0.36481
4.46 0.968474
4.47 0.241038
4.48 0.479928
4.49 0.597244
4.5 0.713514
4.51 0.947143
4.52 1.1787
4.53 0.234702
4.54 0.350505
4.55 0.814258
4.56 0.694881
4.57 0.345923
4.58 1.03325
4.59 1.02876
4.6 0.569052
4.61 0.566588
4.62 0.564141
4.63 1.3481
4.64 0.559293
4.65 1.22516
4.66 0.665409
4.67 0.552138
4.68 0.769697
4.69 0.218978
4.7 0.872191
4.71 0.977057
4.72 0.75672
4.73 1.07647
4.74 1.28632
4.75 0.533716
4.76 0.850364
4.77 0.952657
4.78 0.843271
4.79 0.524848
4.8 1.14986
4.81 0.936895
4.82 0.725679
4.83 1.34212
4.84 0.925328
4.85 1.02391
4.86 1.01971
4.87 1.11708
4.88 1.11251
4.89 1.10797
4.9 1.20377
4.91 1.4986
4.92 1.69152
4.93 1.09008
4.94 1.38177
4.95 1.4745
4.96 0.783235
4.97 0.877601
4.98 1.06832
4.99 1.45098
5 1.2525
5.01 1.34347
5.02 1.24254
5.03 1.04721
5.04 1.13789
5.05 1.79454
5.06 1.03484
5.07 1.4993
5.08 1.86676
5.09 1.85944
5.1 1.48173
5.11 1.01471
5.12 1.83774
5.13 1.37294
5.14 1.45878
5.15 1.54395
5.16 1.62844
5.17 0.811078
5.18 1.34659
5.19 1.52026
5.2 1.24718
5.21 0.976169
5.22 1.06084
5.23 1.49712
5.24 1.40369
5.25 0.961365
5.26 1.04478
5.27 1.73471
5.28 1.29611
5.29 1.03298
5.3 1.45787
5.31 1.36696
5.32 1.7874
5.33 1.10234
5.34 1.35165
5.35 0.841631
5.36 1.0062
5.37 1.7543
5.38 1.83102
5.39 1.07796
5.4 1.98272
5.41 1.56386
5.42 1.31208
5.43 0.571926
5.44 1.70948
5.45 1.94654
5.46 0.808092
5.47 1.20771
5.48 0.962651
5.49 1.27887
5.5 1.8317
5.51 1.34896
5.52 1.26502
5.53 1.8119
5.54 1.25591
5.55 1.17318
5.56 1.2469
5.57 1.94129
5.58 1.70223
5.59 1.61905
5.6 1.15234
5.61 1.07169
5.62 1.83066
5.63 1.44413
5.64 1.89345
5.65 1.88676
5.66 1.65449
5.67 1.7236
5.68 1.34416
5.69 1.33945
5.7 2.22459
5.71 1.47788
5.72 1.76726
5.73 1.17407
5.74 0.804366
5.75 1.89463
5.76 1.37974
5.77 1.3026
5.78 1.08175
5.79 1.29362
5.8 1.21755
5.81 1.42748
5.82 1.28033
5.83 1.41772
5.84 1.20094
5.85 1.54885
5.86 1.1226
5.87 1.11878
5.88 1.5331
5.89 0.694502
5.9 1.79959
5.91 1.03472
5.92 1.30622
5.93 0.616655
5.94 0.819442
5.95 1.02087
5.96 0.746127
5.97 1.48726
5.98 0.875903
5.99 1.4102
6 1.33858
6.01 1.13401
6.02 0.997282
6.03 1.25904
6.04 1.38697
6.05 0.855768
6.06 1.44345
6.07 0.980934
6.08 0.847351
6.09 0.714638
6.1 1.55411
6.11 0.839057
6.12 0.771987
6.13 1.34658
6.14 0.76697
6.15 0.9556
6.16 0.444501
6.17 1.07601
6.18 0.757082
6.19 0.503093
6.2 0.564157
6.21 0.874756
6.22 0.498256
6.23 0.744988
6.24 0.866371
6.25 0.185058
6.26 1.16829
6.27 1.04199
6.28 0.672083
6.29 0.730854
6.3 0.546403
6.31 0.786751
6.32 0.241313
6.33 0.481103
6.34 0.299742
6.35 0.597599
6.36 0.53615
6.37 0.653241
6.38 0.414398
6.39 0.531132
6.4 0.588305
6.41 0.410531
6.42 0.643113
6.43 0.466266
6.44 0.522923
6.45 0.347536
6.46 0.346462
6.47 0.518088
6.48 0.344328
6.49 0.40048
6.5 0.627392
6.51 0.511746
6.52 0.793611
6.53 0.508619
6.54 0.676087
6.55 0.50552
6.56 0.223991
6.57 1.0049
6.58 0.500924
6.59 0.554896
6.6 0.442573
6.61 0.386082
6.62 0.329929
6.63 0.43858
6.64 0.163973
6.65 0.490442
6.66 0.488971
6.67 0.325005
6.68 0.594061
6.69 0.215377
6.7 0.375787
6.71 0.642289
6.72 0.64038
6.73 0.63848
6.74 0.477441
6.75 0.581812
6.76 1.05472
6.77 0.368061
6.78 0.419403
6.79 0.418169
6.8 0.364823
6.81 0.623578
6.82 0.518126
6.83 0.826578
6.84 0.566613
6.85 0.719042
6.86 0.768159
6.87 0.561679
6.88 0.712789
6.89 0.710723
6.9 0.607428
6.91 0.908509
6.92 0.704579
6.93 0.75273
6.94 0.600451
6.95 0.598726
6.96 1.04476
6.97 0.992162
6.98 0.840925
6.99 0.690547
7 1.08205
7.01 0.686616
7.02 0.831375
7.03 1.2679
7.04 0.826662
7.05 1.01828
7.06 1.06375
7.07 0.867882
7.08 0.913513
7.09 1.00683
7.1 1.5299
7.11 1.47793
7.12 1.09345
7.13 1.56447
7.14 1.27644
7.15 0.990013
7.16 1.26932
7.17 1.59396
7.18 1.16877
7.19 1.1189
7.2 1.11579
7.21 1.29815
7.22 1.06339
7.23 0.6916
7.24 1.14949
7.25 1.23803
7.26 1.05171
7.27 1.36803
7.28 0.682139
7.29 1.31519
7.3 0.995
7.31 1.80415
7.32 0.899613
7.33 1.3906
7.34 1.1184
7.35 1.65073
7.36 1.02335
7.37 1.33118
7.38 0.840802
7.39 1.54466
7.4 1.10035
7.41 0.921803
7.42 1.61976
7.43 1.30979
7.44 1.17564
7.45 1.65017
7.46 1.60244
7.47 1.25261
7.48 1.33542
7.49 1.16001
7.5 0.899827
7.51 1.11111
7.52 1.36389
7.53 1.95539
7.54 1.78062
7.55 1.01481
7.56 0.927782
7.57 1.47212
7.58 1.59409
7.59 0.920467
7.6 1.4188
7.61 1.53994
7.62 1.12079
7.63 1.28347
7.64 1.19752
7.65 1.35914
7.66 1.1502
7.67 1.3111
7.68 1.7572
7.69 1.38581
7.7 1.38221
7.71 0.892055
7.72 1.17285
7.73 1.2505
7.74 1.12656
7.75 1.16379
7.76 0.960659
7.77 1.15781
7.78 1.15484
7.79 1.31076
7.8 1.03007
7.81 1.38309
7.82 1.02482
7.83 1.65125
7.84 1.41175
7.85 1.2517
7.86 0.858354
7.87 1.43993
7.88 1.0481
7.89 0.774402
7.9 0.965555
7.91 1.00164
7.92 1.30654
7.93 1.30324
7.94 1.41467
7.95 0.724626
7.96 1.06519
7.97 0.872785
7.98 1.05986
7.99 1.246
8 1.24289
8.01 1.27736
8.02 0.861943
8.03 0.934564
8.04 1.37972
8.05 1.22751
8.06 1.15025
8.07 1.22143
8.08 1.10765
8.09 1.03125
8.1 1.17567
8.11 1.06283
8.12 0.987093
8.13 1.23995
8.14 1.12777
8.15 1.12501
8.16 0.905042
8.17 1.04728
8.18 0.972674
8.19 1.2578
8.2 0.82454
8.21 0.965583
8.22 0.85621
8.23 1.21002
8.24 1.27809
8.25 1.13333
8.26 1.13059
8.27 0.916386
8.28 1.1603
8.29 1.1575
8.3 1.11973
8.31 1.01231
8.32 0.975058
8.33 1.45908
8.34 1.24764
8.35 0.726051
8.36 1.1727
8.37 1.20431
8.38 1.09846
8.39 1.09585
8.4 1.09324
8.41 0.817982
8.42 0.884045
8.43 0.440975
8.44 0.744499
8.45 1.31667
8.46 1.04412
8.47 1.20966
8.48 1.13977
8.49 0.90298
8.5 1.00095
8.51 0.765596
8.52 0.963053
8.53 1.19271
8.54 1.05771
8.55 0.791429
8.56 0.88828
8.57 0.88621
8.58 0.916892
8.59 1.01277
8.6 1.1082
8.61 1.00807
8.62 0.908408
8.63 0.679729
8.64 0.839623
8.65 0.612154
8.66 0.642886
8.67 0.801756
8.68 1.08788
8.69 0.861917
8.7 1.14658
8.71 0.794413
8.72 1.01452
8.73 0.885673
8.74 0.82053
8.75 1.25947
8.76 0.69113
8.77 1.03433
8.78 0.969436
8.79 0.87363
8.8 0.466953
8.81 0.776491
8.82 0.960668
8.83 0.834818
8.84 0.678685
8.85 1.07729
8.86 0.767757
8.87 1.16436
8.88 0.947737
8.89 0.732083
8.9 0.73044
8.91 0.789535
8.92 0.72717
8.93 0.786005
8.94 0.723922
8.95 0.571825
8.96 0.660637
8.97 0.689128
8.98 0.807177
8.99 0.89487
9 1.19051
9.01 0.772117
9.02 0.800037
9.03 0.532178
9.04 0.413002
9.05 0.853615
9.06 0.881103
9.07 0.820551
9.08 0.497096
9.09 0.43765
9.1 0.960716
9.11 0.813365
9.12 0.724628
9.13 0.983338
9.14 0.836896
9.15 0.806273
9.16 1.03438
9.17 0.802762
9.18 0.801015
9.19 0.685092
9.2 0.769055
9.21 0.909495
9.22 0.652283
9.23 0.622572
9.24 0.564751
9.25 0.591708
9.26 0.927821
9.27 0.729435
9.28 0.64388
9.29 0.754234
9.3 0.66899
9.31 0.862257
9.32 0.777144
9.33 0.913958
9.34 0.994912
9.35 0.661858
9.36 0.770519
9.37 0.823796
9.38 0.739837
9.39 1.12107
9.4 1.00954
9.41 0.871265
9.42 0.733571
9.43 0.894687
9.44 0.919848
9.45 0.9449
9.46 0.996785
9.47 0.698966
9.48 0.831626
9.49 1.01727
9.5 1.1487
9.51 0.853048
9.52 0.798054
9.53 0.796381
9.54 0.874184
9.55 0.74018
9.56 1.26623
9.57 0.816066
9.58 0.919443
9.59 0.681592
9.6 0.915618
9.61 0.652653
9.62 0.989972
9.63 0.649946
9.64 1.03776
9.65 1.00972
9.66 1.24016
9.67 0.670367
9.68 0.849094
9.69 1.02708
9.7 1.17871
9.71 0.920572
9.72 0.995237
9.73 1.24786
9.74 1.11823
9.75 1.1413
9.76 0.835238
9.77 0.884047
9.78 1.33597
9.79 1.05653
9.8 0.90375
9.81 1.35286
9.82 1.00008
9.83 0.923196
9.84 1.26993
9.85 1.36675
9.86 1.33918
9.87 1.23748
9.88 0.987979
9.89 1.18318
9.9 1.13159
9.91 1.25206
9.92 1.29854
9.93 1.14922
9.94 1.41534
9.95 1.0959
9.96 1.19092
9.97 1.21279
9.98 1.23457
9.99 1.20794
