0 0
0.01 0
0.02 0
0.03 0
0.04 0
0.05 0
0.06 0
0.07 0
0.08 0
0.09 0
0.1 0
0.11 0
0.12 0
0.13 0
0.14 0
0.15 0
0.16 0
0.17 0
0.18 0
0.19 0
0.2 0
0.21 0
0.22 0
0.23 0
0.24 0
0.25 0
0.26 0
0.27 0
0.28 0
0.29 0
0.3 0
0.31 0
0.32 0
0.33 0
0.34 0
0.35 0
0.36 0
0.37 0
0.38 0
0.39 0
0.4 0
0.41 0
0.42 0
0.43 0
0.44 0
0.45 0
0.46 0
0.47 0
0.48 0
0.49 0
0.5 0
0.51 0
0.52 0
0.53 0
0.54 0
0.55 0
0.56 0
0.57 0
0.58 0
0.59 0
0.6 0
0.61 0
0.62 0
0.63 0
0.64 0
0.65 0
0.66 0
0.67 0
0.68 0
0.69 0
0.7 0
0.71 0
0.72 0
0.73 0
0.74 0
0.75 0
0.76 0
0.77 0
0.78 0
0.79 0
0.8 0
0.81 0
0.82 0
0.83 0
0.84 0
0.85 0
0.86 0
0.87 0
0.88 0
0.89 0
0.9 0
0.91 0
0.92 0
0.93 0
0.94 0
0.95 0
0.96 0
0.97 0
0.98 0
0.99 0
1 0
1.01 0
1.02 0
1.03 0
1.04 0
1.05 0
1.06 0
1.07 0
1.08 0
1.09 0
1.1 0
1.11 0
1.12 0
1.13 0
1.14 0
1.15 0
1.16 0
1.17 0
1.18 0
1.19 0
1.2 0
1.21 0
1.22 0
1.23 0
1.24 0
1.25 0
1.26 0
1.27 0
1.28 0
1.29 0
1.3 0
1.31 0
1.32 0
1.33 0
1.34 0
1.35 0
1.36 0
1.37 0
1.38 0
1.39 0
1.4 0
1.41 0
1.42 0
1.43 0
1.44 0
1.45 0
1.46 0
1.47 0
1.48 0
1.49 0
1.5 0
1.51 0
1.52 0
1.53 0
1.54 0
1.55 0
1.56 0
1.57 0
1.58 0
1.59 0
1.6 0
1.61 0
1.62 0
1.63 0
1.64 0
1.65 0
1.66 0
1.67 0
1.68 0
1.69 0
1.7 0
1.71 0
1.72 0
1.73 0
1.74 0
1.75 0
1.76 0
1.77 0
1.78 0
1.79 0
1.8 0
1.81 0
1.82 0
1.83 0
1.84 0
1.85 0
1.86 0
1.87 0
1.88 0
1.89 0
1.9 0
1.91 0
1.92 0
1.93 0
1.94 0
1.95 0
1.96 0
1.97 0
1.98 0
1.99 0
2 0
2.01 0
2.02 0
2.03 0
2.04 0
2.05 0
2.06 0
2.07 0
2.08 0
2.09 0
2.1 0
2.11 0
2.12 0
2.13 0
2.14 0
2.15 0
2.16 0
2.17 0
2.18 0
2.19 0
2.2 0
2.21 0
2.22 0
2.23 0
2.24 0
2.25 0
2.26 0
2.27 0
2.28 0
2.29 0
2.3 0.302836
2.31 0.150113
2.32 0
2.33 0
2.34 0
2.35 0
2.36 0
2.37 0
2.38 0
2.39 0
2.4 0
2.41 0.413815
2.42 0
2.43 0.407045
2.44 0
2.45 0
2.46 0
2.47 0
2.48 0.521107
2.49 0.387703
2.5 1.41025
2.51 0.763123
2.52 0.75709
2.53 0.751129
2.54 0
2.55 1.10912
2.56 0.733662
2.57 1.09196
2.58 0.722353
2.59 0.836261
2.6 0.355652
2.61 0.941165
2.62 1.05076
2.63 0.3476
2.64 1.49489
2.65 1.71191
2.66 1.58582
2.67 3.48524
2.68 1.22751
2.69 0.996883
2.7 1.31937
2.71 2.07364
2.72 3.5752
2.73 1.61323
2.74 2.88269
2.75 0.741949
2.76 2.52546
2.77 2.92517
2.78 2.28187
2.79 1.95663
2.8 2.76069
2.81 3.24872
2.82 5.04025
2.83 2.40228
2.84 2.58421
2.85 3.65181
2.86 4.21443
2.87 2.3359
2.88 3.09298
2.89 2.6877
2.9 4.95713
2.91 2.55627
2.92 2.35076
2.93 2.42816
2.94 1.20585
2.95 3.40884
2.96 1.37265
2.97 2.81778
2.98 3.43095
2.99 3.13902
3 3.83088
3.01 2.38951
3.02 1.49457
3.03 3.40617
3.04 4.25149
3.05 2.06875
3.06 3.33982
3.07 2.21209
3.08 2.2823
3.09 2.77148
3.1 2.25299
3.11 2.32146
3.12 3.29518
3.13 1.80081
3.14 2.27738
3.15 1.85887
3.16 2.08807
3.17 2.71338
3.18 1.26888
3.19 1.49738
3.2 2.27123
3.21 2.17929
3.22 1.7017
3.23 1.46057
3.24 2.90318
3.25 1.89827
3.26 1.73572
3.27 1.12509
3.28 1.86375
3.29 0.963278
3.3 1.76762
3.31 1.0249
3.32 1.52811
3.33 0.578652
3.34 1.50989
3.35 1.92974
3.36 0.568381
3.37 0.141255
3.38 0.491474
3.39 0.767773
3.4 1.45715
3.41 1.10372
3.42 1.0287
3.43 1.0909
3.44 0.881219
3.45 1.01091
3.46 1.40712
3.47 1.39904
3.48 0.596151
3.49 1.18549
3.5 1.3097
3.51 0.586019
3.52 0.582698
3.53 0.579406
3.54 1.02425
3.55 1.14581
3.56 0.822894
3.57 0.503567
3.58 1.2519
3.59 0.74697
3.6 0.371416
3.61 0
3.62 0.367329
3.63 0.913276
3.64 0.544963
3.65 0.541985
3.66 0.718709
3.67 0.536102
3.68 0.829416
3.69 0.589238
3.7 0.351637
3.71 0.874366
3.72 0.347871
3.73 0
3.74 0.229444
3.75 0.456446
3.76 0.340519
3.77 0.169358
3.78 0
3.79 0.335156
3.8 0.555661
3.81 0.442202
3.82 0.604852
3.83 0.382901
3.84 0.163248
3.85 0
3.86 0.269272
3.87 0.214307
3.88 0.159904
3.89 0.583307
3.9 0.211027
3.91 0.472388
3.92 0.156661
3.93 0.727375
3.94 0.361846
3.95 0.257156
3.96 0.511721
3.97 0.40732
3.98 0.253299
3.99 0.302439
4 0.852636
4.01 0.199622
4.02 0.248289
4.03 0.444708
4.04 0.295008
4.05 0.733887
4.06 0.63291
4.07 0.43602
4.08 0.626728
4.09 0.383797
4.1 0.668377
4.11 0.0950187
4.12 0.330955
4.13 0.235255
4.14 0.608715
4.15 0.326194
4.16 0.788385
4.17 0.553845
4.18 1.2402
4.19 0.640005
4.2 0.272985
4.21 0.996203
4.22 0.495745
4.23 0.313986
4.24 0.446441
4.25 0.577649
4.26 0.176905
4.27 0.396178
4.28 0.306702
4.29 0.697772
4.3 0.651125
4.31 0.432074
4.32 0.38707
4.33 0.513715
4.34 0.639192
4.35 0.63626
4.36 0.633348
4.37 0.714517
4.38 0.418389
4.39 0.957921
4.4 0.331679
4.41 0.825445
4.42 0.164344
4.43 0.572612
4.44 0.732906
4.45 0.36481
4.46 0.928121
4.47 0.241038
4.48 0.59991
4.49 0.517611
4.5 0.673874
4.51 0.986609
4.52 1.10012
4.53 0.312936
4.54 0.38945
4.55 0.73671
4.56 0.694881
4.57 0.384359
4.58 0.994981
4.59 1.14306
4.6 0.493178
4.61 0.566588
4.62 0.564141
4.63 1.3481
4.64 0.596579
4.65 1.11379
4.66 0.702376
4.67 0.588947
4.68 0.696392
4.69 0.29197
4.7 0.908533
4.71 0.904683
4.72 0.792754
4.73 1.04059
4.74 1.28632
4.75 0.569297
4.76 0.956661
4.77 0.88209
4.78 0.808135
4.79 0.559838
4.8 1.18471
4.81 0.832795
4.82 0.725679
4.83 1.34212
4.84 0.925328
4.85 0.98978
4.86 1.12168
4.87 1.08323
4.88 1.11251
4.89 1.10797
4.9 1.17033
4.91 1.4986
4.92 1.72469
4.93 1.05705
4.94 1.34887
4.95 1.54003
4.96 0.783235
4.97 0.877601
4.98 1.06832
4.99 1.38649
5 1.31673
5.01 1.34347
5.02 1.30626
5.03 0.983743
5.04 1.13789
5.05 1.70009
5.06 1.16028
5.07 1.53054
5.08 1.83565
5.09 1.70449
5.1 1.60521
5.11 1.01471
5.12 1.77648
5.13 1.43396
5.14 1.42839
5.15 1.63477
5.16 1.56813
5.17 0.811078
5.18 1.37651
5.19 1.49045
5.2 1.27687
5.21 1.00575
5.22 1.06084
5.23 1.43841
5.24 1.40369
5.25 0.961365
5.26 1.0738
5.27 1.73471
5.28 1.29611
5.29 0.946896
5.3 1.51504
5.31 1.31
5.32 1.81577
5.33 1.2154
5.34 1.23902
5.35 0.925794
5.36 1.03415
5.37 1.64292
5.38 1.80328
5.39 1.13324
5.4 1.98272
5.41 1.56386
5.42 1.25741
5.43 0.708099
5.44 1.65521
5.45 1.9195
5.46 0.808092
5.47 1.15404
5.48 1.06961
5.49 1.22558
5.5 1.80515
5.51 1.37541
5.52 1.26502
5.53 1.78564
5.54 1.22974
5.55 1.22532
5.56 1.2469
5.57 1.96718
5.58 1.67644
5.59 1.59335
5.6 1.17795
5.61 1.04617
5.62 1.88151
5.63 1.4948
5.64 1.76722
5.65 2.01254
5.66 1.62942
5.67 1.64866
5.68 1.34416
5.69 1.41386
5.7 2.17516
5.71 1.47788
5.72 1.76726
5.73 1.19853
5.74 0.828741
5.75 1.77318
5.76 1.45236
5.77 1.35084
5.78 1.00963
5.79 1.26966
5.8 1.24142
5.81 1.42748
5.82 1.32775
5.83 1.4886
5.84 1.15384
5.85 1.45498
5.86 1.19276
5.87 1.07216
5.88 1.55633
5.89 0.763952
5.9 1.68423
5.91 1.17268
5.92 1.21456
5.93 0.616655
5.94 0.751155
5.95 1.04355
5.96 0.836568
5.97 1.46473
5.98 0.92082
5.99 1.29828
6 1.33858
6.01 1.17848
6.02 1.08593
6.03 1.28113
6.04 1.21085
6.05 1.00937
6.06 1.31223
6.07 1.00273
6.08 0.847351
6.09 0.736294
6.1 1.53252
6.11 0.839057
6.12 0.857763
6.13 1.28245
6.14 0.788275
6.15 0.934364
6.16 0.444501
6.17 1.01271
6.18 0.820172
6.19 0.524055
6.2 0.543262
6.21 0.874756
6.22 0.519017
6.23 0.662212
6.24 0.928254
6.25 0.246744
6.26 1.08631
6.27 1.02156
6.28 0.712816
6.29 0.710553
6.3 0.56664
6.31 0.786751
6.32 0.261422
6.33 0.481103
6.34 0.319725
6.35 0.577679
6.36 0.53615
6.37 0.593855
6.38 0.453864
6.39 0.531132
6.4 0.568695
6.41 0.449629
6.42 0.604136
6.43 0.485694
6.44 0.54229
6.45 0.328228
6.46 0.327214
6.47 0.518088
6.48 0.344328
6.49 0.41955
6.5 0.60838
6.51 0.5307
6.52 0.774716
6.53 0.527457
6.54 0.638527
6.55 0.561689
6.56 0.242657
6.57 0.96768
6.58 0.519477
6.59 0.517903
6.6 0.442573
6.61 0.422852
6.62 0.274941
6.63 0.475128
6.64 0.145754
6.65 0.508606
6.66 0.488971
6.67 0.361117
6.68 0.558057
6.69 0.215377
6.7 0.357892
6.71 0.677972
6.72 0.622592
6.73 0.656215
6.74 0.477441
6.75 0.546551
6.76 1.05472
6.77 0.403115
6.78 0.401928
6.79 0.453016
6.8 0.330078
6.81 0.606256
6.82 0.518126
6.83 0.878239
6.84 0.566613
6.85 0.701922
6.86 0.768159
6.87 0.527638
6.88 0.72976
6.89 0.710723
6.9 0.624301
6.91 0.87486
6.92 0.73813
6.93 0.75273
6.94 0.600451
6.95 0.548832
6.96 1.12768
6.97 0.975626
6.98 0.807947
6.99 0.739872
7 1.06565
7.01 0.65392
7.02 0.88028
7.03 1.18663
7.04 0.810453
7.05 1.06677
7.06 1.04763
7.07 0.867882
7.08 0.977619
7.09 0.926922
7.1 1.56177
7.11 1.46204
7.12 1.12514
7.13 1.61188
7.14 1.18189
7.15 1.02144
7.16 1.26932
7.17 1.5627
7.18 1.21552
7.19 1.13444
7.2 1.0693
7.21 1.31361
7.22 1.03257
7.23 0.645493
7.24 1.22612
7.25 1.20746
7.26 1.09744
7.27 1.36803
7.28 0.697298
7.29 1.30007
7.3 0.995
7.31 1.77408
7.32 0.914605
7.33 1.36069
7.34 1.1184
7.35 1.65073
7.36 1.00852
7.37 1.39035
7.38 0.855553
7.39 1.50053
7.4 1.17371
7.41 0.877908
7.42 1.57598
7.43 1.30979
7.44 1.2337
7.45 1.59227
7.46 1.61688
7.47 1.26701
7.48 1.3067
7.49 1.21729
7.5 0.885544
7.51 1.05413
7.52 1.43492
7.53 1.94122
7.54 1.70996
7.55 1.09938
7.56 0.913725
7.57 1.40202
7.58 1.62206
7.59 0.962308
7.6 1.34925
7.61 1.63705
7.62 1.07928
7.63 1.29727
7.64 1.19752
7.65 1.34541
7.66 1.16389
7.67 1.35207
7.68 1.68909
7.69 1.38581
7.7 1.40932
7.71 0.878539
7.72 1.18633
7.73 1.23705
7.74 1.09974
7.75 1.19054
7.76 0.974
7.77 1.05135
7.78 1.23448
7.79 1.36372
7.8 1.01687
7.81 1.36992
7.82 1.02482
7.83 1.70367
7.84 1.34639
7.85 1.23866
7.86 0.89737
7.87 1.40101
7.88 1.07398
7.89 0.787309
7.9 0.926933
7.91 1.01448
7.92 1.31935
7.93 1.26491
7.94 1.44016
7.95 0.686488
7.96 1.09055
7.97 0.898083
7.98 1.05986
7.99 1.246
8 1.268
8.01 1.22727
8.02 0.911912
8.03 0.909643
8.04 1.40458
8.05 1.15311
8.06 1.18736
8.07 1.18442
8.08 1.15688
8.09 1.03125
8.1 1.16342
8.11 1.07504
8.12 0.96272
8.13 1.22779
8.14 1.20053
8.15 1.08872
8.16 0.880907
8.17 1.04728
8.18 0.960666
8.19 1.28176
8.2 0.78869
8.21 1.00135
8.22 0.844318
8.23 1.22188
8.24 1.24259
8.25 1.19236
8.26 1.10704
8.27 0.916386
8.28 1.14858
8.29 1.13412
8.3 1.14306
8.31 1.03558
8.32 1.0331
8.33 1.42434
8.34 1.17833
8.35 0.795199
8.36 1.10372
8.37 1.26166
8.38 1.07558
8.39 1.07302
8.4 1.07047
8.41 0.840704
8.42 0.872711
8.43 0.486203
8.44 0.77834
8.45 1.27166
8.46 1.04412
8.47 1.22086
8.48 1.11742
8.49 0.90298
8.5 0.978707
8.51 0.776692
8.52 1.0184
8.53 1.15958
8.54 1.06873
8.55 0.780437
8.56 0.965046
8.57 0.820565
8.58 0.895061
8.59 1.04544
8.6 1.11906
8.61 0.986393
8.62 0.886779
8.63 0.701308
8.64 0.80733
8.65 0.622893
8.66 0.632171
8.67 0.812446
8.68 1.08788
8.69 0.840635
8.7 1.16781
8.71 0.847374
8.72 0.96168
8.73 0.896217
8.74 0.873128
8.75 1.1965
8.76 0.701602
8.77 1.06568
8.78 0.959013
8.79 0.86323
8.8 0.487707
8.81 0.755785
8.82 0.94001
8.83 0.855431
8.84 0.719817
8.85 0.99521
8.86 0.777994
8.87 1.16436
8.88 0.978309
8.89 0.732083
8.9 0.71015
8.91 0.749046
8.92 0.777668
8.93 0.765851
8.94 0.754085
8.95 0.561793
8.96 0.690666
8.97 0.659166
8.98 0.797212
8.99 0.914756
9 1.17067
9.01 0.811712
9.02 0.750652
9.03 0.542033
9.04 0.442502
9.05 0.863427
9.06 0.822363
9.07 0.840088
9.08 0.51659
9.09 0.43765
9.1 0.941308
9.11 0.813365
9.12 0.73429
9.13 1.00262
9.14 0.817657
9.15 0.777478
9.16 1.05353
9.17 0.821875
9.18 0.791479
9.19 0.675577
9.2 0.769055
9.21 0.909495
9.22 0.661736
9.23 0.641438
9.24 0.564751
9.25 0.610492
9.26 0.852846
9.27 0.785545
9.28 0.615885
9.29 0.726299
9.3 0.724739
9.31 0.843714
9.32 0.777144
9.33 0.895494
9.34 1.00413
9.35 0.689435
9.36 0.770519
9.37 0.814643
9.38 0.767238
9.39 1.09372
9.4 1.00045
9.41 0.898492
9.42 0.706402
9.43 0.876612
9.44 0.91083
9.45 0.989897
9.46 0.978825
9.47 0.690005
9.48 0.831626
9.49 1.07973
9.5 1.10418
9.51 0.808618
9.52 0.833523
9.53 0.796381
9.54 0.883014
9.55 0.793051
9.56 1.20468
9.57 0.85994
9.58 0.884416
9.59 0.69033
9.6 0.898178
9.61 0.670057
9.62 0.946552
9.63 0.675944
9.64 1.01182
9.65 1.03561
9.66 1.20571
9.67 0.687556
9.68 0.900554
9.69 0.992845
9.7 1.14455
9.71 0.980239
9.72 1.00374
9.73 1.24786
9.74 1.07587
9.75 1.1413
9.76 0.818365
9.77 0.900886
9.78 1.34437
9.79 1.06491
9.8 0.920486
9.81 1.31111
9.82 1.00008
9.83 0.964782
9.84 1.22843
9.85 1.35847
9.86 1.35572
9.87 1.22923
9.88 1.02915
9.89 1.1914
9.9 1.09879
9.91 1.29298
9.92 1.24954
9.93 1.17367
9.94 1.43161
9.95 1.07155
9.96 1.18282
9.97 1.22087
9.98 1.23457
9.99 1.19183
